0 5 0 0
0.01 5 0 0
0.05 4.998 0 0
0.055 4.99675 0 0
0.06 4.99538 0 0
0.065 4.99388 0 0
0.07 4.99225 0 0
0.075 4.9905 0 0
0.08 4.98863 0 0
0.085 4.98663 0 0
0.09 4.9845 0 0
0.095 4.98225 0 0
0.1 4.97988 0 0
0.105 4.97738 0 0
0.11 4.97476 0 0
0.115 4.97202 0 0
0.12 4.96914 0 0
0.125 4.96615 0 0
0.13 4.96303 0 0
0.135 4.95979 0 0
0.14 4.95642 0 0
0.145 4.95293 0 0
0.15 4.94931 0 0
0.155 4.94557 0 0
0.16 4.94171 0 0
0.165 4.93772 0 0
0.17 4.93361 0 0
0.175 4.92938 0 0
0.18 4.92502 0 0
0.185 4.92054 0 0
0.19 4.91594 0 0
0.195 4.91121 0 0
0.2 4.90636 0 0
0.205 4.90139 0 0
0.21 4.89629 0 0
0.215 4.89107 0 0
0.22 4.88573 0 0
0.225 4.88027 0 0
0.23 4.87469 0 0
0.235 4.86898 0 0
0.24 4.86315 0 0
0.245 4.8572 0 0
0.25 4.85113 0 0
0.255 4.84494 0 0
0.26 4.83863 0 0
0.265 4.83219 0 0
0.27 4.82563 0 0
0.275 4.81896 0 0
0.28 4.81216 0 0
0.285 4.80524 0 0
0.29 4.7982 0 0
0.295 4.79104 0 0
0.3 4.78377 0 0
0.305 4.77637 0 0
0.31 4.76885 0 0
0.315 4.76121 0 0
0.32 4.75346 0 0
0.325 4.74558 0 0
0.33 4.73759 0 0
0.335 4.72947 0 0
0.34 4.72124 0 0
0.345 4.71289 0 0
0.35 4.70442 0 0
0.355 4.69584 0 0
0.36 4.68713 0 0
0.365 4.67831 0 0
0.37 4.66938 0 0
0.375 4.66032 0 0
0.38 4.65115 0 0
0.385 4.64186 0 0
0.39 4.63246 0 0
0.395 4.62294 0 0
0.4 4.6133 0 0
0.405 4.60355 0 0
0.41 4.59368 0 0
0.415 4.5837 0 0
0.42 4.5736 0 0
0.425 4.56339 0 0
0.43 4.55307 0 0
0.435 4.54263 0 0
0.44 4.53207 0 0
0.445 4.5214 0 0
0.45 4.51062 0 0
0.455 4.49973 0 0
0.46 4.48872 0 0
0.465 4.4776 0 0
0.47 4.46637 0 0
0.475 4.45503 0 0
0.48 4.44358 0 0
0.485 4.43201 0 0
0.49 4.42033 0 0
0.495 4.40854 0 0
0.5 4.39665 0 0
0.505 4.38464 0 0
0.51 4.37252 0 0
0.515 4.36029 0 0
0.52 4.34795 0 0
0.525 4.33551 0 0
0.53 4.32295 0 0
0.535 4.31029 0 0
0.54 4.29751 0 0
0.545 4.28464 0 0
0.55 4.27165 0 0
0.555 4.25855 0 0
0.56 4.24535 0 0
0.565 4.23205 0 0
0.57 4.21863 0 0
0.575 4.20511 0 0
0.58 4.19149 0 0
0.585 4.17776 0 0
0.59 4.16392 0 0
0.595 4.14998 0 0
0.6 4.13594 0 0
0.605 4.12179 0 0
0.61 4.10754 0 0
0.615 4.09319 0 0
0.62 4.07873 0 0
0.625 4.06418 0 0
0.63 4.04952 0 0
0.635 4.03475 0 0
0.64 4.01989 0 0
0.645 4.00493 0 0
0.65 3.98986 0 0
0.655 3.9747 0 0
0.66 3.95943 0 0
0.665 3.94407 0 0
0.67 3.92861 0 0
0.675 3.91304 0 0
0.68 3.89739 0 0
0.685 3.88163 0 0
0.69 3.86577 0 0
0.695 3.84982 0 0
0.7 3.83377 0 0
0.705 3.81763 0 0
0.71 3.80139 0 0
0.715 3.78505 0 0
0.72 3.76862 0 0
0.725 3.75209 0 0
0.73 3.73547 0 0
0.735 3.71876 0 0
0.74 3.70195 0 0
0.745 3.68505 0 0
0.75 3.66806 0 0
0.755 3.65098 0 0
0.76 3.6338 0 0
0.765 3.61653 0 0
0.77 3.59917 0 0
0.775 3.58172 0 0
0.78 3.56418 0 0
0.785 3.54656 0 0
0.79 3.52884 0 0
0.795 3.51103 0 0
0.8 3.49314 0 0
0.805 3.47515 0 0
0.81 3.45709 0 0
0.815 3.43893 0 0
0.82 3.42069 0 0
0.825 3.40236 0 0
0.83 3.38394 0 0
0.835 3.36544 0 0
0.84 3.34686 0 0
0.845 3.32819 0 0
0.85 3.30944 0 0
0.855 3.2906 0 0
0.86 3.27169 0 0
0.865 3.25269 0 0
0.87 3.2336 0 0
0.875 3.21444 0 0
0.88 3.1952 0 0
0.885 3.17587 0 0
0.89 3.15647 0 0
0.895 3.13698 0 0
0.9 3.11742 0 0
0.905 3.09778 0 0
0.91 3.07806 0 0
0.915 3.05826 0 0
0.92 3.03839 0 0
0.925 3.01844 0 0
0.93 2.99842 0 0
0.935 2.97831 0 0
0.94 2.95814 0 0
0.945 2.93789 0 0
0.95 2.91756 0 0
0.955 2.89716 0 0
0.96 2.87669 0 0
0.965 2.85615 0 0
0.97 2.83553 0 0
0.975 2.81485 0 0
0.98 2.79409 0 0
0.985 2.77326 0 0
0.99 2.75236 0 0
0.995 2.7314 0 0
1 2.71036 0 0
1.005 2.68926 0 0
1.01 2.66808 0 0
1.015 2.64685 0 0
1.02 2.62554 0 0
1.025 2.60417 0 0
1.03 2.58273 0 0
1.035 2.56123 0 0
1.04 2.53966 0 0
1.045 2.51803 0 0
1.05 2.49633 0 0
1.055 2.47457 0 0
1.06 2.45275 0 0
1.065 2.43087 0 0
1.07 2.40893 0 0
1.075 2.38692 0 0
1.08 2.36486 0 0
1.085 2.34274 0 0
1.09 2.32055 0 0
1.095 2.29831 0 0
1.1 2.27601 0 0
1.105 2.25365 0 0
1.11 2.23124 0 0
1.115 2.20877 0 0
1.12 2.18624 0 0
1.125 2.16366 0 0
1.13 2.14102 0 0
1.135 2.11833 0 0
1.14 2.09559 0 0
1.145 2.07279 0 0
1.15 2.04994 0 0
1.155 2.02704 0 0
1.16 2.00409 0 0
1.165 1.98109 0 0
1.17 1.95803 0 0
1.175 1.93493 0 0
1.18 1.91178 0 0
1.185 1.88858 0 0
1.19 1.86533 0 0
1.195 1.84204 0 0
1.2 1.8187 0 0
1.205 1.79531 0 0
1.21 1.77187 0 0
1.215 1.7484 0 0
1.22 1.72487 0 0
1.225 1.70131 0 0
1.23 1.6777 0 0
1.235 1.65405 0 0
1.24 1.63035 0 0
1.245 1.60662 0 0
1.25 1.58284 0 0
1.255 1.55903 0 0
1.26 1.53517 0 0
1.265 1.51128 0 0
1.27 1.48734 0 0
1.275 1.46337 0 0
1.28 1.43937 0 0
1.285 1.41532 0 0
1.29 1.39124 0 0
1.295 1.36713 0 0
1.3 1.34298 0 0
1.305 1.31879 0 0
1.31 1.29457 0 0
1.315 1.27032 0 0
1.32 1.24604 0 0
1.325 1.22172 0 0
1.33 1.19738 0 0
1.335 1.173 0 0
1.34 1.14859 0 0
1.345 1.12416 0 0
1.35 1.09969 0 0
1.355 1.0752 0 0
1.36 1.05068 0 0
1.365 1.02613 0 0
1.37 1.00156 0 0
1.375 0.976956 0 0
1.38 0.952332 0 0
1.385 0.927683 0 0
1.39 0.90301 0 0
1.395 0.878314 0 0
1.4 0.853596 0 0
1.405 0.828856 0 0
1.41 0.804094 0 0
1.415 0.779311 0 0
1.42 0.754509 0 0
1.425 0.729687 0 0
1.43 0.704846 0 0
1.435 0.679987 0 0
1.44 0.65511 0 0
1.445 0.630216 0 0
1.45 0.605306 0 0
1.455 0.58038 0 0
1.46 0.555439 0 0
1.465 0.530484 0 0
1.47 0.505514 0 0
1.475 0.480532 0 0
1.48 0.455536 0 0
1.485 0.430529 0 0
1.49 0.40551 0 0
1.495 0.380481 0 0
1.5 0.355441 0 0
1.505 0.330392 0 0
1.51 0.305334 0 0
1.515 0.280268 0 0
1.52 0.255194 0 0
1.525 0.230113 0 0
1.53 0.205025 0 0
1.535 0.179932 0 0
1.54 0.154834 0 0
1.545 0.129731 0 0
1.55 0.104625 0 0
1.555 0.0795151 0 0
1.56 0.0544027 0 0
1.565 0.0292883 0 0
1.57 0.00417255 0 0
1.575 -0.0209439 0 0
1.58 -0.0460605 0 0
1.585 -0.0711766 0 0
1.59 -0.0962915 0 0
1.595 -0.121405 0 0
1.6 -0.146515 0 0
1.605 -0.171623 0 0
1.61 -0.196727 0 0
1.615 -0.221827 0 0
1.62 -0.246922 0 0
1.625 -0.272011 0 0
1.63 -0.297094 0 0
1.635 -0.32217 0 0
1.64 -0.347239 0 0
1.645 -0.3723 0 0
1.65 -0.397352 0 0
1.655 -0.422395 0 0
1.66 -0.447428 0 0
1.665 -0.47245 0 0
1.67 -0.497462 0 0
1.675 -0.522461 0 0
1.68 -0.547448 0 0
1.685 -0.572422 0 0
1.69 -0.597382 0 0
1.695 -0.622328 0 0
1.7 -0.647259 0 0
1.705 -0.672174 0 0
1.71 -0.697073 0 0
1.715 -0.721956 0 0
1.72 -0.746821 0 0
1.725 -0.771667 0 0
1.73 -0.796496 0 0
1.735 -0.821305 0 0
1.74 -0.846094 0 0
1.745 -0.870862 0 0
1.75 -0.895609 0 0
1.755 -0.920335 0 0
1.76 -0.945038 0 0
1.765 -0.969718 0 0
1.77 -0.994375 0 0
1.775 -1.01901 0 0
1.78 -1.04361 0 0
1.785 -1.0682 0 0
1.79 -1.09275 0 0
1.795 -1.11728 0 0
1.8 -1.14178 0 0
1.805 -1.16626 0 0
1.81 -1.1907 0 0
1.815 -1.21512 0 0
1.82 -1.23951 0 0
1.825 -1.26386 0 0
1.83 -1.28819 0 0
1.835 -1.31248 0 0
1.84 -1.33674 0 0
1.845 -1.36097 0 0
1.85 -1.38516 0 0
1.855 -1.40933 0 0
1.86 -1.43345 0 0
1.865 -1.45754 0 0
1.87 -1.4816 0 0
1.875 -1.50562 0 0
1.88 -1.5296 0 0
1.885 -1.55354 0 0
1.89 -1.57745 0 0
1.895 -1.60132 0 0
1.9 -1.62514 0 0
1.905 -1.64893 0 0
1.91 -1.67268 0 0
1.915 -1.69639 0 0
1.92 -1.72005 0 0
1.925 -1.74367 0 0
1.93 -1.76725 0 0
1.935 -1.79078 0 0
1.94 -1.81428 0 0
1.945 -1.83772 0 0
1.95 -1.86112 0 0
1.955 -1.88448 0 0
1.96 -1.90778 0 0
1.965 -1.93105 0 0
1.97 -1.95426 0 0
1.975 -1.97742 0 0
1.98 -2.00054 0 0
1.985 -2.02361 0 0
1.99 -2.04662 0 0
1.995 -2.06959 0 0
2 -2.09251 0 0
2.005 -2.11537 0 0
2.01 -2.13818 0 0
2.015 -2.16094 0 0
2.02 -2.18364 0 0
2.025 -2.20629 0 0
2.03 -2.22889 0 0
2.035 -2.25143 0 0
2.04 -2.27392 0 0
2.045 -2.29634 0 0
2.05 -2.31872 0 0
2.055 -2.34103 0 0
2.06 -2.36329 0 0
2.065 -2.38549 0 0
2.07 -2.40763 0 0
2.075 -2.4297 0 0
2.08 -2.45172 0 0
2.085 -2.47368 0 0
2.09 -2.49558 0 0
2.095 -2.51742 0 0
2.1 -2.53919 0 0
2.105 -2.5609 0 0
2.11 -2.58254 0 0
2.115 -2.60413 0 0
2.12 -2.62565 0 0
2.125 -2.6471 0 0
2.13 -2.66849 0 0
2.135 -2.68981 0 0
2.14 -2.71106 0 0
2.145 -2.73225 0 0
2.15 -2.75337 0 0
2.155 -2.77442 0 0
2.16 -2.7954 0 0
2.165 -2.81631 0 0
2.17 -2.83716 0 0
2.175 -2.85793 0 0
2.18 -2.87863 0 0
2.185 -2.89926 0 0
2.19 -2.91982 0 0
2.195 -2.9403 0 0
2.2 -2.96072 0 0
2.205 -2.98106 0 0
2.21 -3.00132 0 0
2.215 -3.02151 0 0
2.22 -3.04163 0 0
2.225 -3.06167 0 0
2.23 -3.08163 0 0
2.235 -3.10152 0 0
2.24 -3.12133 0 0
2.245 -3.14106 0 0
2.25 -3.16072 0 0
2.255 -3.18029 0 0
2.26 -3.19979 0 0
2.265 -3.21921 0 0
2.27 -3.23855 0 0
2.275 -3.2578 0 0
2.28 -3.27698 0 0
2.285 -3.29608 0 0
2.29 -3.31509 0 0
2.295 -3.33402 0 0
2.3 -3.35287 0 0
2.305 -3.37163 0 0
2.31 -3.39031 0 0
2.315 -3.40891 0 0
2.32 -3.42742 0 0
2.325 -3.44585 0 0
2.33 -3.46419 0 0
2.335 -3.48244 0 0
2.34 -3.50061 0 0
2.345 -3.51869 0 0
2.35 -3.53668 0 0
2.355 -3.55459 0 0
2.36 -3.57241 0 0
2.365 -3.59013 0 0
2.37 -3.60777 0 0
2.375 -3.62532 0 0
2.38 -3.64278 0 0
2.385 -3.66015 0 0
2.39 -3.67742 0 0
2.395 -3.69461 0 0
2.4 -3.7117 0 0
2.405 -3.72871 0 0
2.41 -3.74561 0 0
2.415 -3.76243 0 0
2.42 -3.77915 0 0
2.425 -3.79578 0 0
2.43 -3.81231 0 0
2.435 -3.82875 0 0
2.44 -3.84509 0 0
2.445 -3.86134 0 0
2.45 -3.87749 0 0
2.455 -3.89355 0 0
2.46 -3.9095 0 0
2.465 -3.92536 0 0
2.47 -3.94113 0 0
2.475 -3.95679 0 0
2.48 -3.97236 0 0
2.485 -3.98782 0 0
2.49 -4.00319 0 0
2.495 -4.01846 0 0
2.5 -4.03363 0 0
2.505 -4.04869 0 0
2.51 -4.06366 0 0
2.515 -4.07853 0 0
2.52 -4.09329 0 0
2.525 -4.10795 0 0
2.53 -4.12251 0 0
2.535 -4.13697 0 0
2.54 -4.15132 0 0
2.545 -4.16557 0 0
2.55 -4.17972 0 0
2.555 -4.19376 0 0
2.56 -4.2077 0 0
2.565 -4.22153 0 0
2.57 -4.23526 0 0
2.575 -4.24888 0 0
2.58 -4.2624 0 0
2.585 -4.27581 0 0
2.59 -4.28911 0 0
2.595 -4.30231 0 0
2.6 -4.3154 0 0
2.605 -4.32838 0 0
2.61 -4.34125 0 0
2.615 -4.35402 0 0
2.62 -4.36668 0 0
2.625 -4.37922 0 0
2.63 -4.39166 0 0
2.635 -4.40399 0 0
2.64 -4.41621 0 0
2.645 -4.42832 0 0
2.65 -4.44032 0 0
2.655 -4.45221 0 0
2.66 -4.46399 0 0
2.665 -4.47566 0 0
2.67 -4.48721 0 0
2.675 -4.49865 0 0
2.68 -4.50998 0 0
2.685 -4.5212 0 0
2.69 -4.53231 0 0
2.695 -4.5433 0 0
2.7 -4.55418 0 0
2.705 -4.56495 0 0
2.71 -4.5756 0 0
2.715 -4.58613 0 0
2.72 -4.59656 0 0
2.725 -4.60687 0 0
2.73 -4.61706 0 0
2.735 -4.62714 0 0
2.74 -4.6371 0 0
2.745 -4.64695 0 0
2.75 -4.65668 0 0
2.755 -4.6663 0 0
2.76 -4.6758 0 0
2.765 -4.68518 0 0
2.77 -4.69444 0 0
2.775 -4.70359 0 0
2.78 -4.71262 0 0
2.785 -4.72154 0 0
2.79 -4.73033 0 0
2.795 -4.73901 0 0
2.8 -4.74757 0 0
2.805 -4.75601 0 0
2.81 -4.76433 0 0
2.815 -4.77253 0 0
2.82 -4.78062 0 0
2.825 -4.78858 0 0
2.83 -4.79643 0 0
2.835 -4.80415 0 0
2.84 -4.81176 0 0
2.845 -4.81924 0 0
2.85 -4.82661 0 0
2.855 -4.83385 0 0
2.86 -4.84098 0 0
2.865 -4.84798 0 0
2.87 -4.85486 0 0
2.875 -4.86162 0 0
2.88 -4.86826 0 0
2.885 -4.87478 0 0
2.89 -4.88118 0 0
2.895 -4.88745 0 0
2.9 -4.8936 0 0
2.905 -4.89963 0 0
2.91 -4.90554 0 0
2.915 -4.91133 0 0
2.92 -4.91699 0 0
2.925 -4.92253 0 0
2.93 -4.92795 0 0
2.935 -4.93324 0 0
2.94 -4.93841 0 0
2.945 -4.94346 0 0
2.95 -4.94838 0 0
2.955 -4.95318 0 0
2.96 -4.95786 0 0
2.965 -4.96241 0 0
2.97 -4.96684 0 0
2.975 -4.97115 0 0
2.98 -4.97533 0 0
2.985 -4.97938 0 0
2.99 -4.98332 0 0
2.995 -4.98712 0 0
3 -4.99081 0 0
3.005 -4.99437 0 0
3.01 -4.9978 0 0
3.015 -5.00111 0 0
3.02 -5.00429 0 0
3.025 -5.00735 0 0
3.03 -5.01028 0 0
3.035 -5.01309 0 0
3.04 -5.01578 0 0
3.045 -5.01833 0 0
3.05 -5.02077 0 0
3.055 -5.02307 0 0
3.06 -5.02525 0 0
3.065 -5.02731 0 0
3.07 -5.02924 0 0
3.075 -5.03104 0 0
3.08 -5.03272 0 0
3.085 -5.03428 0 0
3.09 -5.0357 0 0
3.095 -5.037 0 0
3.1 -5.03818 0 0
3.105 -5.03923 0 0
3.11 -5.04015 0 0
3.115 -5.04095 0 0
3.12 -5.04162 0 0
3.125 -5.04217 0 0
3.13 -5.04259 0 0
3.135 -5.04288 0 0
3.14 -5.04305 0 0
3.145 -5.04309 0 0
3.15 -5.04301 0 0
3.155 -5.04279 0 0
3.16 -5.04246 0 0
3.165 -5.04199 0 0
3.17 -5.04141 0 0
3.175 -5.04069 0 0
3.18 -5.03985 0 0
3.185 -5.03888 0 0
3.19 -5.03779 0 0
3.195 -5.03657 0 0
3.2 -5.03523 0 0
3.205 -5.03375 0 0
3.21 -5.03216 0 0
3.215 -5.03043 0 0
3.22 -5.02859 0 0
3.225 -5.02661 0 0
3.23 -5.02451 0 0
3.235 -5.02229 0 0
3.24 -5.01994 0 0
3.245 -5.01746 0 0
3.25 -5.01486 0 0
3.255 -5.01213 0 0
3.26 -5.00928 0 0
3.265 -5.0063 0 0
3.27 -5.00319 0 0
3.275 -4.99996 0 0
3.28 -4.99661 0 0
3.285 -4.99313 0 0
3.29 -4.98953 0 0
3.295 -4.9858 0 0
3.3 -4.98195 0 0
3.305 -4.97797 0 0
3.31 -4.97387 0 0
3.315 -4.96964 0 0
3.32 -4.96529 0 0
3.325 -4.96081 0 0
3.33 -4.95621 0 0
3.335 -4.95149 0 0
3.34 -4.94664 0 0
3.345 -4.94167 0 0
3.35 -4.93657 0 0
3.355 -4.93136 0 0
3.36 -4.92601 0 0
3.365 -4.92055 0 0
3.37 -4.91496 0 0
3.375 -4.90925 0 0
3.38 -4.90341 0 0
3.385 -4.89746 0 0
3.39 -4.89138 0 0
3.395 -4.88518 0 0
3.4 -4.87885 0 0
3.405 -4.8724 0 0
3.41 -4.86584 0 0
3.415 -4.85915 0 0
3.42 -4.85233 0 0
3.425 -4.8454 0 0
3.43 -4.83835 0 0
3.435 -4.83117 0 0
3.44 -4.82387 0 0
3.445 -4.81646 0 0
3.45 -4.80892 0 0
3.455 -4.80126 0 0
3.46 -4.79348 0 0
3.465 -4.78558 0 0
3.47 -4.77756 0 0
3.475 -4.76942 0 0
3.48 -4.76117 0 0
3.485 -4.75279 0 0
3.49 -4.74429 0 0
3.495 -4.73568 0 0
3.5 -4.72694 0 0
3.505 -4.71809 0 0
3.51 -4.70912 0 0
3.515 -4.70003 0 0
3.52 -4.69083 0 0
3.525 -4.68151 0 0
3.53 -4.67207 0 0
3.535 -4.66251 0 0
3.54 -4.65283 0 0
3.545 -4.64304 0 0
3.55 -4.63314 0 0
3.555 -4.62311 0 0
3.56 -4.61297 0 0
3.565 -4.60272 0 0
3.57 -4.59235 0 0
3.575 -4.58186 0 0
3.58 -4.57126 0 0
3.585 -4.56055 0 0
3.59 -4.54972 0 0
3.595 -4.53878 0 0
3.6 -4.52772 0 0
3.605 -4.51655 0 0
3.61 -4.50527 0 0
3.615 -4.49387 0 0
3.62 -4.48236 0 0
3.625 -4.47074 0 0
3.63 -4.45901 0 0
3.635 -4.44716 0 0
3.64 -4.43521 0 0
3.645 -4.42314 0 0
3.65 -4.41096 0 0
3.655 -4.39867 0 0
3.66 -4.38627 0 0
3.665 -4.37376 0 0
3.67 -4.36115 0 0
3.675 -4.34842 0 0
3.68 -4.33558 0 0
3.685 -4.32263 0 0
3.69 -4.30958 0 0
3.695 -4.29642 0 0
3.7 -4.28315 0 0
3.705 -4.26977 0 0
3.71 -4.25628 0 0
3.715 -4.24269 0 0
3.72 -4.229 0 0
3.725 -4.21519 0 0
3.73 -4.20128 0 0
3.735 -4.18727 0 0
3.74 -4.17315 0 0
3.745 -4.15892 0 0
3.75 -4.14459 0 0
3.755 -4.13016 0 0
3.76 -4.11562 0 0
3.765 -4.10098 0 0
3.77 -4.08624 0 0
3.775 -4.0714 0 0
3.78 -4.05645 0 0
3.785 -4.0414 0 0
3.79 -4.02625 0 0
3.795 -4.011 0 0
3.8 -3.99564 0 0
3.805 -3.98019 0 0
3.81 -3.96464 0 0
3.815 -3.94899 0 0
3.82 -3.93324 0 0
3.825 -3.91739 0 0
3.83 -3.90144 0 0
3.835 -3.88539 0 0
3.84 -3.86925 0 0
3.845 -3.85301 0 0
3.85 -3.83667 0 0
3.855 -3.82024 0 0
3.86 -3.80371 0 0
3.865 -3.78708 0 0
3.87 -3.77036 0 0
3.875 -3.75355 0 0
3.88 -3.73664 0 0
3.885 -3.71963 0 0
3.89 -3.70254 0 0
3.895 -3.68535 0 0
3.9 -3.66807 0 0
3.905 -3.65069 0 0
3.91 -3.63323 0 0
3.915 -3.61567 0 0
3.92 -3.59802 0 0
3.925 -3.58028 0 0
3.93 -3.56245 0 0
3.935 -3.54454 0 0
3.94 -3.52653 0 0
3.945 -3.50843 0 0
3.95 -3.49025 0 0
3.955 -3.47198 0 0
3.96 -3.45362 0 0
3.965 -3.43517 0 0
3.97 -3.41664 0 0
3.975 -3.39802 0 0
3.98 -3.37932 0 0
3.985 -3.36053 0 0
3.99 -3.34166 0 0
3.995 -3.3227 0 0
4 -3.30366 0 0
4.005 -3.28454 0 0
4.01 -3.26534 0 0
4.015 -3.24605 0 0
4.02 -3.22668 0 0
4.025 -3.20723 0 0
4.03 -3.1877 0 0
4.035 -3.16808 0 0
4.04 -3.14839 0 0
4.045 -3.12862 0 0
4.05 -3.10877 0 0
4.055 -3.08885 0 0
4.06 -3.06884 0 0
4.065 -3.04876 0 0
4.07 -3.0286 0 0
4.075 -3.00837 0 0
4.08 -2.98805 0 0
4.085 -2.96767 0 0
4.09 -2.94721 0 0
4.095 -2.92667 0 0
4.1 -2.90606 0 0
4.105 -2.88538 0 0
4.11 -2.86463 0 0
4.115 -2.8438 0 0
4.12 -2.8229 0 0
4.125 -2.80193 0 0
4.13 -2.78089 0 0
4.135 -2.75978 0 0
4.14 -2.7386 0 0
4.145 -2.71736 0 0
4.15 -2.69604 0 0
4.155 -2.67465 0 0
4.16 -2.6532 0 0
4.165 -2.63168 0 0
4.17 -2.6101 0 0
4.175 -2.58845 0 0
4.18 -2.56673 0 0
4.185 -2.54495 0 0
4.19 -2.5231 0 0
4.195 -2.50119 0 0
4.2 -2.47922 0 0
4.205 -2.45719 0 0
4.21 -2.43509 0 0
4.215 -2.41293 0 0
4.22 -2.39071 0 0
4.225 -2.36843 0 0
4.23 -2.34609 0 0
4.235 -2.3237 0 0
4.24 -2.30124 0 0
4.245 -2.27872 0 0
4.25 -2.25615 0 0
4.255 -2.23352 0 0
4.26 -2.21084 0 0
4.265 -2.18809 0 0
4.27 -2.1653 0 0
4.275 -2.14245 0 0
4.28 -2.11954 0 0
4.285 -2.09658 0 0
4.29 -2.07357 0 0
4.295 -2.0505 0 0
4.3 -2.02739 0 0
4.305 -2.00422 0 0
4.31 -1.981 0 0
4.315 -1.95773 0 0
4.32 -1.93441 0 0
4.325 -1.91105 0 0
4.33 -1.88763 0 0
4.335 -1.86417 0 0
4.34 -1.84066 0 0
4.345 -1.8171 0 0
4.35 -1.7935 0 0
4.355 -1.76985 0 0
4.36 -1.74616 0 0
4.365 -1.72242 0 0
4.37 -1.69864 0 0
4.375 -1.67481 0 0
4.38 -1.65095 0 0
4.385 -1.62704 0 0
4.39 -1.60309 0 0
4.395 -1.5791 0 0
4.4 -1.55507 0 0
4.405 -1.531 0 0
4.41 -1.50689 0 0
4.415 -1.48274 0 0
4.42 -1.45855 0 0
4.425 -1.43433 0 0
4.43 -1.41007 0 0
4.435 -1.38578 0 0
4.44 -1.36145 0 0
4.445 -1.33708 0 0
4.45 -1.31269 0 0
4.455 -1.28825 0 0
4.46 -1.26379 0 0
4.465 -1.23929 0 0
4.47 -1.21477 0 0
4.475 -1.19021 0 0
4.48 -1.16562 0 0
4.485 -1.141 0 0
4.49 -1.11635 0 0
4.495 -1.09167 0 0
4.5 -1.06697 0 0
4.505 -1.04223 0 0
4.51 -1.01747 0 0
4.515 -0.99269 0 0
4.52 -0.967879 0 0
4.525 -0.943044 0 0
4.53 -0.918184 0 0
4.535 -0.893301 0 0
4.54 -0.868395 0 0
4.545 -0.843467 0 0
4.55 -0.818517 0 0
4.555 -0.793545 0 0
4.56 -0.768554 0 0
4.565 -0.743542 0 0
4.57 -0.718512 0 0
4.575 -0.693462 0 0
4.58 -0.668395 0 0
4.585 -0.643311 0 0
4.59 -0.618209 0 0
4.595 -0.593092 0 0
4.6 -0.567959 0 0
4.605 -0.542812 0 0
4.61 -0.51765 0 0
4.615 -0.492474 0 0
4.62 -0.467286 0 0
4.625 -0.442085 0 0
4.63 -0.416873 0 0
4.635 -0.391649 0 0
4.64 -0.366416 0 0
4.645 -0.341172 0 0
4.65 -0.315919 0 0
4.655 -0.290658 0 0
4.66 -0.265389 0 0
4.665 -0.240112 0 0
4.67 -0.214829 0 0
4.675 -0.18954 0 0
4.68 -0.164246 0 0
4.685 -0.138946 0 0
4.69 -0.113643 0 0
4.695 -0.0883362 0 0
4.7 -0.0630266 0 0
4.705 -0.0377147 0 0
4.71 -0.0124013 0 0
4.715 0.012913 0 0
4.72 0.0382277 0 0
4.725 0.0635421 0 0
4.73 0.0888555 0 0
4.735 0.114167 0 0
4.74 0.139477 0 0
4.745 0.164784 0 0
4.75 0.190087 0 0
4.755 0.215386 0 0
4.76 0.24068 0 0
4.765 0.265969 0 0
4.77 0.291252 0 0
4.775 0.316529 0 0
4.78 0.341798 0 0
4.785 0.367059 0 0
4.79 0.392311 0 0
4.795 0.417555 0 0
4.8 0.442788 0 0
4.805 0.468012 0 0
4.81 0.493224 0 0
4.815 0.518424 0 0
4.82 0.543612 0 0
4.825 0.568787 0 0
4.83 0.593949 0 0
4.835 0.619096 0 0
4.84 0.644228 0 0
4.845 0.669345 0 0
4.85 0.694446 0 0
4.855 0.71953 0 0
4.86 0.744597 0 0
4.865 0.769646 0 0
4.87 0.794676 0 0
4.875 0.819687 0 0
4.88 0.844678 0 0
4.885 0.869649 0 0
4.89 0.894598 0 0
4.895 0.919526 0 0
4.9 0.944431 0 0
4.905 0.969313 0 0
4.91 0.994172 0 0
4.915 1.01901 0 0
4.92 1.04382 0 0
4.925 1.0686 0 0
4.93 1.09336 0 0
4.935 1.11809 0 0
4.94 1.14279 0 0
4.945 1.16747 0 0
4.95 1.19212 0 0
4.955 1.21674 0 0
4.96 1.24132 0 0
4.965 1.26588 0 0
4.97 1.29041 0 0
4.975 1.3149 0 0
4.98 1.33937 0 0
4.985 1.3638 0 0
4.99 1.3882 0 0
4.995 1.41256 0 0
5 1.43689 0 0
5.005 1.46118 0 0
5.01 1.48544 0 0
5.015 1.50966 0 0
5.02 1.53384 0 0
5.025 1.55798 0 0
5.03 1.58209 0 0
5.035 1.60616 0 0
5.04 1.63019 0 0
5.045 1.65418 0 0
5.05 1.67812 0 0
5.055 1.70203 0 0
5.06 1.72589 0 0
5.065 1.74972 0 0
5.07 1.77349 0 0
5.075 1.79723 0 0
5.08 1.82092 0 0
5.085 1.84457 0 0
5.09 1.86817 0 0
5.095 1.89172 0 0
5.1 1.91523 0 0
5.105 1.93869 0 0
5.11 1.9621 0 0
5.115 1.98546 0 0
5.12 2.00878 0 0
5.125 2.03204 0 0
5.13 2.05526 0 0
5.135 2.07842 0 0
5.14 2.10153 0 0
5.145 2.12459 0 0
5.15 2.1476 0 0
5.155 2.17056 0 0
5.16 2.19346 0 0
5.165 2.2163 0 0
5.17 2.2391 0 0
5.175 2.26183 0 0
5.18 2.28451 0 0
5.185 2.30714 0 0
5.19 2.32971 0 0
5.195 2.35221 0 0
5.2 2.37467 0 0
5.205 2.39706 0 0
5.21 2.41939 0 0
5.215 2.44166 0 0
5.22 2.46388 0 0
5.225 2.48603 0 0
5.23 2.50812 0 0
5.235 2.53015 0 0
5.24 2.55211 0 0
5.245 2.57401 0 0
5.25 2.59585 0 0
5.255 2.61762 0 0
5.26 2.63933 0 0
5.265 2.66098 0 0
5.27 2.68255 0 0
5.275 2.70406 0 0
5.28 2.72551 0 0
5.285 2.74688 0 0
5.29 2.76819 0 0
5.295 2.78943 0 0
5.3 2.8106 0 0
5.305 2.8317 0 0
5.31 2.85273 0 0
5.315 2.87369 0 0
5.32 2.89458 0 0
5.325 2.9154 0 0
5.33 2.93614 0 0
5.335 2.95681 0 0
5.34 2.97741 0 0
5.345 2.99793 0 0
5.35 3.01838 0 0
5.355 3.03876 0 0
5.36 3.05905 0 0
5.365 3.07928 0 0
5.37 3.09942 0 0
5.375 3.11949 0 0
5.38 3.13948 0 0
5.385 3.1594 0 0
5.39 3.17923 0 0
5.395 3.19899 0 0
5.4 3.21867 0 0
5.405 3.23826 0 0
5.41 3.25778 0 0
5.415 3.27722 0 0
5.42 3.29657 0 0
5.425 3.31584 0 0
5.43 3.33503 0 0
5.435 3.35414 0 0
5.44 3.37316 0 0
5.445 3.3921 0 0
5.45 3.41096 0 0
5.455 3.42973 0 0
5.46 3.44841 0 0
5.465 3.46701 0 0
5.47 3.48553 0 0
5.475 3.50395 0 0
5.48 3.52229 0 0
5.485 3.54054 0 0
5.49 3.55871 0 0
5.495 3.57678 0 0
5.5 3.59477 0 0
5.505 3.61267 0 0
5.51 3.63047 0 0
5.515 3.64819 0 0
5.52 3.66582 0 0
5.525 3.68335 0 0
5.53 3.70079 0 0
5.535 3.71814 0 0
5.54 3.7354 0 0
5.545 3.75257 0 0
5.55 3.76964 0 0
5.555 3.78662 0 0
5.56 3.8035 0 0
5.565 3.82029 0 0
5.57 3.83699 0 0
5.575 3.85359 0 0
5.58 3.87009 0 0
5.585 3.88649 0 0
5.59 3.9028 0 0
5.595 3.91902 0 0
5.6 3.93513 0 0
5.605 3.95115 0 0
5.61 3.96707 0 0
5.615 3.98289 0 0
5.62 3.99861 0 0
5.625 4.01423 0 0
5.63 4.02975 0 0
5.635 4.04517 0 0
5.64 4.06049 0 0
5.645 4.07571 0 0
5.65 4.09083 0 0
5.655 4.10584 0 0
5.66 4.12076 0 0
5.665 4.13557 0 0
5.67 4.15028 0 0
5.675 4.16488 0 0
5.68 4.17938 0 0
5.685 4.19378 0 0
5.69 4.20807 0 0
5.695 4.22226 0 0
5.7 4.23634 0 0
5.705 4.25031 0 0
5.71 4.26418 0 0
5.715 4.27795 0 0
5.72 4.29161 0 0
5.725 4.30516 0 0
5.73 4.3186 0 0
5.735 4.33194 0 0
5.74 4.34516 0 0
5.745 4.35828 0 0
5.75 4.37129 0 0
5.755 4.3842 0 0
5.76 4.39699 0 0
5.765 4.40967 0 0
5.77 4.42224 0 0
5.775 4.43471 0 0
5.78 4.44706 0 0
5.785 4.4593 0 0
5.79 4.47143 0 0
5.795 4.48345 0 0
5.8 4.49536 0 0
5.805 4.50715 0 0
5.81 4.51883 0 0
5.815 4.5304 0 0
5.82 4.54186 0 0
5.825 4.5532 0 0
5.83 4.56443 0 0
5.835 4.57555 0 0
5.84 4.58655 0 0
5.845 4.59744 0 0
5.85 4.60821 0 0
5.855 4.61887 0 0
5.86 4.62941 0 0
5.865 4.63984 0 0
5.87 4.65015 0 0
5.875 4.66035 0 0
5.88 4.67043 0 0
5.885 4.68039 0 0
5.89 4.69024 0 0
5.895 4.69996 0 0
5.9 4.70958 0 0
5.905 4.71907 0 0
5.91 4.72845 0 0
5.915 4.73771 0 0
5.92 4.74685 0 0
5.925 4.75587 0 0
5.93 4.76477 0 0
5.935 4.77356 0 0
5.94 4.78222 0 0
5.945 4.79077 0 0
5.95 4.79919 0 0
5.955 4.8075 0 0
5.96 4.81569 0 0
5.965 4.82375 0 0
5.97 4.8317 0 0
5.975 4.83952 0 0
5.98 4.84723 0 0
5.985 4.85481 0 0
5.99 4.86228 0 0
5.995 4.86962 0 0
6 4.87684 0 0
6.005 4.88393 0 0
6.01 4.89091 0 0
6.015 4.89776 0 0
6.02 4.9045 0 0
6.025 4.9111 0 0
6.03 4.91759 0 0
6.035 4.92395 0 0
6.04 4.9302 0 0
6.045 4.93631 0 0
6.05 4.94231 0 0
6.055 4.94818 0 0
6.06 4.95393 0 0
6.065 4.95955 0 0
6.07 4.96505 0 0
6.075 4.97043 0 0
6.08 4.97568 0 0
6.085 4.9808 0 0
6.09 4.98581 0 0
6.095 4.99069 0 0
6.1 4.99544 0 0
6.105 5.00007 0 0
6.11 5.00457 0 0
6.115 5.00895 0 0
6.12 5.01321 0 0
6.125 5.01734 0 0
6.13 5.02134 0 0
6.135 5.02522 0 0
6.14 5.02897 0 0
6.145 5.0326 0 0
6.15 5.0361 0 0
6.155 5.03947 0 0
6.16 5.04272 0 0
6.165 5.04585 0 0
6.17 5.04885 0 0
6.175 5.05172 0 0
6.18 5.05446 0 0
6.185 5.05708 0 0
6.19 5.05957 0 0
6.195 5.06194 0 0
6.2 5.06418 0 0
6.205 5.06629 0 0
6.21 5.06828 0 0
6.215 5.07014 0 0
6.22 5.07187 0 0
6.225 5.07348 0 0
6.23 5.07496 0 0
6.235 5.07631 0 0
6.24 5.07754 0 0
6.245 5.07864 0 0
6.25 5.07961 0 0
6.255 5.08045 0 0
6.26 5.08117 0 0
6.265 5.08176 0 0
6.27 5.08223 0 0
6.275 5.08256 0 0
6.28 5.08277 0 0
6.285 5.08285 0 0
6.29 5.08281 0 0
6.295 5.08264 0 0
6.3 5.08234 0 0
6.305 5.08192 0 0
6.31 5.08136 0 0
6.315 5.08068 0 0
6.32 5.07988 0 0
6.325 5.07894 0 0
6.33 5.07788 0 0
6.335 5.07669 0 0
6.34 5.07538 0 0
6.345 5.07394 0 0
6.35 5.07237 0 0
6.355 5.07068 0 0
6.36 5.06885 0 0
6.365 5.0669 0 0
6.37 5.06483 0 0
6.375 5.06263 0 0
6.38 5.0603 0 0
6.385 5.05784 0 0
6.39 5.05526 0 0
6.395 5.05255 0 0
6.4 5.04972 0 0
6.405 5.04676 0 0
6.41 5.04367 0 0
6.415 5.04046 0 0
6.42 5.03712 0 0
6.425 5.03365 0 0
6.43 5.03006 0 0
6.435 5.02634 0 0
6.44 5.0225 0 0
6.445 5.01853 0 0
6.45 5.01444 0 0
6.455 5.01022 0 0
6.46 5.00587 0 0
6.465 5.0014 0 0
6.47 4.99681 0 0
6.475 4.99209 0 0
6.48 4.98724 0 0
6.485 4.98227 0 0
6.49 4.97718 0 0
6.495 4.97196 0 0
6.5 4.96661 0 0
6.505 4.96114 0 0
6.51 4.95555 0 0
6.515 4.94983 0 0
6.52 4.94399 0 0
6.525 4.93803 0 0
6.53 4.93194 0 0
6.535 4.92573 0 0
6.54 4.9194 0 0
6.545 4.91294 0 0
6.55 4.90636 0 0
6.555 4.89966 0 0
6.56 4.89283 0 0
6.565 4.88588 0 0
6.57 4.87881 0 0
6.575 4.87162 0 0
6.58 4.8643 0 0
6.585 4.85687 0 0
6.59 4.84931 0 0
6.595 4.84163 0 0
6.6 4.83383 0 0
6.605 4.82591 0 0
6.61 4.81786 0 0
6.615 4.8097 0 0
6.62 4.80142 0 0
6.625 4.79301 0 0
6.63 4.78449 0 0
6.635 4.77584 0 0
6.64 4.76708 0 0
6.645 4.7582 0 0
6.65 4.74919 0 0
6.655 4.74007 0 0
6.66 4.73083 0 0
6.665 4.72147 0 0
6.67 4.712 0 0
6.675 4.7024 0 0
6.68 4.69269 0 0
6.685 4.68286 0 0
6.69 4.67291 0 0
6.695 4.66285 0 0
6.7 4.65267 0 0
6.705 4.64237 0 0
6.71 4.63195 0 0
6.715 4.62142 0 0
6.72 4.61078 0 0
6.725 4.60002 0 0
6.73 4.58914 0 0
6.735 4.57815 0 0
6.74 4.56704 0 0
6.745 4.55582 0 0
6.75 4.54449 0 0
6.755 4.53304 0 0
6.76 4.52147 0 0
6.765 4.5098 0 0
6.77 4.49801 0 0
6.775 4.48611 0 0
6.78 4.47409 0 0
6.785 4.46197 0 0
6.79 4.44973 0 0
6.795 4.43738 0 0
6.8 4.42492 0 0
6.805 4.41234 0 0
6.81 4.39966 0 0
6.815 4.38687 0 0
6.82 4.37397 0 0
6.825 4.36095 0 0
6.83 4.34783 0 0
6.835 4.3346 0 0
6.84 4.32126 0 0
6.845 4.30781 0 0
6.85 4.29426 0 0
6.855 4.28059 0 0
6.86 4.26682 0 0
6.865 4.25294 0 0
6.87 4.23896 0 0
6.875 4.22487 0 0
6.88 4.21067 0 0
6.885 4.19637 0 0
6.89 4.18196 0 0
6.895 4.16745 0 0
6.9 4.15283 0 0
6.905 4.13811 0 0
6.91 4.12328 0 0
6.915 4.10835 0 0
6.92 4.09332 0 0
6.925 4.07819 0 0
6.93 4.06295 0 0
6.935 4.04761 0 0
6.94 4.03217 0 0
6.945 4.01663 0 0
6.95 4.00099 0 0
6.955 3.98524 0 0
6.96 3.9694 0 0
6.965 3.95346 0 0
6.97 3.93742 0 0
6.975 3.92128 0 0
6.98 3.90504 0 0
6.985 3.8887 0 0
6.99 3.87226 0 0
6.995 3.85573 0 0
7 3.8391 0 0
7.005 3.82238 0 0
7.01 3.80556 0 0
7.015 3.78864 0 0
7.02 3.77163 0 0
7.025 3.75452 0 0
7.03 3.73732 0 0
7.035 3.72003 0 0
7.04 3.70264 0 0
7.045 3.68516 0 0
7.05 3.66758 0 0
7.055 3.64992 0 0
7.06 3.63216 0 0
7.065 3.61431 0 0
7.07 3.59637 0 0
7.075 3.57834 0 0
7.08 3.56022 0 0
7.085 3.54201 0 0
7.09 3.52371 0 0
7.095 3.50533 0 0
7.1 3.48685 0 0
7.105 3.46829 0 0
7.11 3.44964 0 0
7.115 3.4309 0 0
7.12 3.41208 0 0
7.125 3.39317 0 0
7.13 3.37418 0 0
7.135 3.3551 0 0
7.14 3.33594 0 0
7.145 3.31669 0 0
7.15 3.29736 0 0
7.155 3.27795 0 0
7.16 3.25845 0 0
7.165 3.23887 0 0
7.17 3.21921 0 0
7.175 3.19947 0 0
7.18 3.17965 0 0
7.185 3.15975 0 0
7.19 3.13977 0 0
7.195 3.11971 0 0
7.2 3.09958 0 0
7.205 3.07936 0 0
7.21 3.05907 0 0
7.215 3.0387 0 0
7.22 3.01825 0 0
7.225 2.99773 0 0
7.23 2.97713 0 0
7.235 2.95646 0 0
7.24 2.93571 0 0
7.245 2.91489 0 0
7.25 2.894 0 0
7.255 2.87303 0 0
7.26 2.85199 0 0
7.265 2.83088 0 0
7.27 2.80969 0 0
7.275 2.78844 0 0
7.28 2.76712 0 0
7.285 2.74572 0 0
7.29 2.72426 0 0
7.295 2.70273 0 0
7.3 2.68113 0 0
7.305 2.65946 0 0
7.31 2.63773 0 0
7.315 2.61593 0 0
7.32 2.59406 0 0
7.325 2.57213 0 0
7.33 2.55013 0 0
7.335 2.52807 0 0
7.34 2.50595 0 0
7.345 2.48376 0 0
7.35 2.46151 0 0
7.355 2.43919 0 0
7.36 2.41682 0 0
7.365 2.39438 0 0
7.37 2.37189 0 0
7.375 2.34933 0 0
7.38 2.32672 0 0
7.385 2.30405 0 0
7.39 2.28131 0 0
7.395 2.25852 0 0
7.4 2.23568 0 0
7.405 2.21277 0 0
7.41 2.18982 0 0
7.415 2.1668 0 0
7.42 2.14373 0 0
7.425 2.12061 0 0
7.43 2.09743 0 0
7.435 2.0742 0 0
7.44 2.05092 0 0
7.445 2.02759 0 0
7.45 2.0042 0 0
7.455 1.98077 0 0
7.46 1.95728 0 0
7.465 1.93375 0 0
7.47 1.91016 0 0
7.475 1.88653 0 0
7.48 1.86285 0 0
7.485 1.83912 0 0
7.49 1.81535 0 0
7.495 1.79153 0 0
7.5 1.76766 0 0
7.505 1.74375 0 0
7.51 1.71979 0 0
7.515 1.6958 0 0
7.52 1.67176 0 0
7.525 1.64767 0 0
7.53 1.62355 0 0
7.535 1.59938 0 0
7.54 1.57517 0 0
7.545 1.55093 0 0
7.55 1.52664 0 0
7.555 1.50231 0 0
7.56 1.47795 0 0
7.565 1.45355 0 0
7.57 1.42911 0 0
7.575 1.40464 0 0
7.58 1.38013 0 0
7.585 1.35558 0 0
7.59 1.331 0 0
7.595 1.30639 0 0
7.6 1.28174 0 0
7.605 1.25706 0 0
7.61 1.23235 0 0
7.615 1.20761 0 0
7.62 1.18283 0 0
7.625 1.15803 0 0
7.63 1.1332 0 0
7.635 1.10833 0 0
7.64 1.08344 0 0
7.645 1.05853 0 0
7.65 1.03358 0 0
7.655 1.00861 0 0
7.66 0.98361 0 0
7.665 0.958586 0 0
7.67 0.933539 0 0
7.675 0.908467 0 0
7.68 0.883372 0 0
7.685 0.858254 0 0
7.69 0.833115 0 0
7.695 0.807953 0 0
7.7 0.782771 0 0
7.705 0.757569 0 0
7.71 0.732347 0 0
7.715 0.707106 0 0
7.72 0.681847 0 0
7.725 0.656571 0 0
7.73 0.631277 0 0
7.735 0.605966 0 0
7.74 0.58064 0 0
7.745 0.555299 0 0
7.75 0.529944 0 0
7.755 0.504574 0 0
7.76 0.479191 0 0
7.765 0.453796 0 0
7.77 0.428388 0 0
7.775 0.40297 0 0
7.78 0.37754 0 0
7.785 0.352101 0 0
7.79 0.326652 0 0
7.795 0.301194 0 0
7.8 0.275728 0 0
7.805 0.250254 0 0
7.81 0.224774 0 0
7.815 0.199288 0 0
7.82 0.173795 0 0
7.825 0.148298 0 0
7.83 0.122796 0 0
7.835 0.0972912 0 0
7.84 0.0717829 0 0
7.845 0.0462721 0 0
7.85 0.0207595 0 0
7.855 -0.00475422 0 0
7.86 -0.0302685 0 0
7.865 -0.0557826 0 0
7.87 -0.081296 0 0
7.875 -0.106808 0 0
7.88 -0.132318 0 0
7.885 -0.157825 0 0
7.89 -0.183329 0 0
7.895 -0.208829 0 0
7.9 -0.234325 0 0
7.905 -0.259815 0 0
7.91 -0.285299 0 0
7.915 -0.310777 0 0
7.92 -0.336248 0 0
7.925 -0.361711 0 0
7.93 -0.387165 0 0
7.935 -0.412611 0 0
7.94 -0.438047 0 0
7.945 -0.463472 0 0
7.95 -0.488887 0 0
7.955 -0.51429 0 0
7.96 -0.53968 0 0
7.965 -0.565058 0 0
7.97 -0.590423 0 0
7.975 -0.615773 0 0
7.98 -0.641109 0 0
7.985 -0.666429 0 0
7.99 -0.691733 0 0
7.995 -0.71702 0 0
8 -0.74229 0 0
8.005 -0.767543 0 0
8.01 -0.792776 0 0
8.015 -0.817991 0 0
8.02 -0.843185 0 0
8.025 -0.86836 0 0
8.03 -0.893513 0 0
8.035 -0.918644 0 0
8.04 -0.943753 0 0
8.045 -0.968839 0 0
8.05 -0.993902 0 0
8.055 -1.01894 0 0
8.06 -1.04395 0 0
8.065 -1.06894 0 0
8.07 -1.0939 0 0
8.075 -1.11884 0 0
8.08 -1.14375 0 0
8.085 -1.16863 0 0
8.09 -1.19348 0 0
8.095 -1.2183 0 0
8.1 -1.24309 0 0
8.105 -1.26785 0 0
8.11 -1.29258 0 0
8.115 -1.31728 0 0
8.12 -1.34195 0 0
8.125 -1.36658 0 0
8.13 -1.39118 0 0
8.135 -1.41575 0 0
8.14 -1.44028 0 0
8.145 -1.46478 0 0
8.15 -1.48924 0 0
8.155 -1.51366 0 0
8.16 -1.53805 0 0
8.165 -1.56239 0 0
8.17 -1.5867 0 0
8.175 -1.61097 0 0
8.18 -1.6352 0 0
8.185 -1.6594 0 0
8.19 -1.68355 0 0
8.195 -1.70765 0 0
8.2 -1.73172 0 0
8.205 -1.75574 0 0
8.21 -1.77972 0 0
8.215 -1.80366 0 0
8.22 -1.82755 0 0
8.225 -1.8514 0 0
8.23 -1.8752 0 0
8.235 -1.89895 0 0
8.24 -1.92266 0 0
8.245 -1.94632 0 0
8.25 -1.96994 0 0
8.255 -1.9935 0 0
8.26 -2.01701 0 0
8.265 -2.04048 0 0
8.27 -2.06389 0 0
8.275 -2.08726 0 0
8.28 -2.11057 0 0
8.285 -2.13383 0 0
8.29 -2.15703 0 0
8.295 -2.18019 0 0
8.3 -2.20329 0 0
8.305 -2.22633 0 0
8.31 -2.24932 0 0
8.315 -2.27225 0 0
8.32 -2.29513 0 0
8.325 -2.31795 0 0
8.33 -2.34072 0 0
8.335 -2.36342 0 0
8.34 -2.38607 0 0
8.345 -2.40866 0 0
8.35 -2.43119 0 0
8.355 -2.45366 0 0
8.36 -2.47606 0 0
8.365 -2.49841 0 0
8.37 -2.52069 0 0
8.375 -2.54291 0 0
8.38 -2.56507 0 0
8.385 -2.58717 0 0
8.39 -2.6092 0 0
8.395 -2.63117 0 0
8.4 -2.65307 0 0
8.405 -2.6749 0 0
8.41 -2.69667 0 0
8.415 -2.71837 0 0
8.42 -2.74001 0 0
8.425 -2.76158 0 0
8.43 -2.78307 0 0
8.435 -2.8045 0 0
8.44 -2.82586 0 0
8.445 -2.84715 0 0
8.45 -2.86837 0 0
8.455 -2.88952 0 0
8.46 -2.9106 0 0
8.465 -2.9316 0 0
8.47 -2.95253 0 0
8.475 -2.97339 0 0
8.48 -2.99417 0 0
8.485 -3.01488 0 0
8.49 -3.03552 0 0
8.495 -3.05608 0 0
8.5 -3.07656 0 0
8.505 -3.09697 0 0
8.51 -3.1173 0 0
8.515 -3.13755 0 0
8.52 -3.15772 0 0
8.525 -3.17782 0 0
8.53 -3.19784 0 0
8.535 -3.21778 0 0
8.54 -3.23763 0 0
8.545 -3.25741 0 0
8.55 -3.27711 0 0
8.555 -3.29672 0 0
8.56 -3.31626 0 0
8.565 -3.33571 0 0
8.57 -3.35508 0 0
8.575 -3.37436 0 0
8.58 -3.39356 0 0
8.585 -3.41268 0 0
8.59 -3.43171 0 0
8.595 -3.45066 0 0
8.6 -3.46952 0 0
8.605 -3.48829 0 0
8.61 -3.50698 0 0
8.615 -3.52558 0 0
8.62 -3.54409 0 0
8.625 -3.56251 0 0
8.63 -3.58085 0 0
8.635 -3.5991 0 0
8.64 -3.61725 0 0
8.645 -3.63532 0 0
8.65 -3.6533 0 0
8.655 -3.67118 0 0
8.66 -3.68898 0 0
8.665 -3.70668 0 0
8.67 -3.72429 0 0
8.675 -3.74181 0 0
8.68 -3.75923 0 0
8.685 -3.77657 0 0
8.69 -3.7938 0 0
8.695 -3.81095 0 0
8.7 -3.82799 0 0
8.705 -3.84495 0 0
8.71 -3.8618 0 0
8.715 -3.87856 0 0
8.72 -3.89523 0 0
8.725 -3.9118 0 0
8.73 -3.92827 0 0
8.735 -3.94464 0 0
8.74 -3.96091 0 0
8.745 -3.97709 0 0
8.75 -3.99316 0 0
8.755 -4.00914 0 0
8.76 -4.02502 0 0
8.765 -4.0408 0 0
8.77 -4.05647 0 0
8.775 -4.07205 0 0
8.78 -4.08752 0 0
8.785 -4.10289 0 0
8.79 -4.11816 0 0
8.795 -4.13333 0 0
8.8 -4.14839 0 0
8.805 -4.16335 0 0
8.81 -4.17821 0 0
8.815 -4.19297 0 0
8.82 -4.20761 0 0
8.825 -4.22216 0 0
8.83 -4.2366 0 0
8.835 -4.25093 0 0
8.84 -4.26516 0 0
8.845 -4.27928 0 0
8.85 -4.29329 0 0
8.855 -4.3072 0 0
8.86 -4.321 0 0
8.865 -4.33469 0 0
8.87 -4.34828 0 0
8.875 -4.36175 0 0
8.88 -4.37512 0 0
8.885 -4.38838 0 0
8.89 -4.40153 0 0
8.895 -4.41457 0 0
8.9 -4.4275 0 0
8.905 -4.44031 0 0
8.91 -4.45302 0 0
8.915 -4.46562 0 0
8.92 -4.4781 0 0
8.925 -4.49048 0 0
8.93 -4.50274 0 0
8.935 -4.51489 0 0
8.94 -4.52693 0 0
8.945 -4.53885 0 0
8.95 -4.55066 0 0
8.955 -4.56236 0 0
8.96 -4.57395 0 0
8.965 -4.58542 0 0
8.97 -4.59677 0 0
8.975 -4.60801 0 0
8.98 -4.61914 0 0
8.985 -4.63015 0 0
8.99 -4.64104 0 0
8.995 -4.65182 0 0
9 -4.66249 0 0
9.005 -4.67303 0 0
9.01 -4.68347 0 0
9.015 -4.69378 0 0
9.02 -4.70398 0 0
9.025 -4.71406 0 0
9.03 -4.72402 0 0
9.035 -4.73386 0 0
9.04 -4.74359 0 0
9.045 -4.75319 0 0
9.05 -4.76268 0 0
9.055 -4.77205 0 0
9.06 -4.7813 0 0
9.065 -4.79044 0 0
9.07 -4.79945 0 0
9.075 -4.80834 0 0
9.08 -4.81711 0 0
9.085 -4.82577 0 0
9.09 -4.8343 0 0
9.095 -4.84271 0 0
9.1 -4.851 0 0
9.105 -4.85917 0 0
9.11 -4.86722 0 0
9.115 -4.87514 0 0
9.12 -4.88295 0 0
9.125 -4.89063 0 0
9.13 -4.89819 0 0
9.135 -4.90563 0 0
9.14 -4.91295 0 0
9.145 -4.92014 0 0
9.15 -4.92721 0 0
9.155 -4.93416 0 0
9.16 -4.94098 0 0
9.165 -4.94768 0 0
9.17 -4.95426 0 0
9.175 -4.96072 0 0
9.18 -4.96705 0 0
9.185 -4.97325 0 0
9.19 -4.97933 0 0
9.195 -4.98529 0 0
9.2 -4.99113 0 0
9.205 -4.99683 0 0
9.21 -5.00242 0 0
9.215 -5.00788 0 0
9.22 -5.01321 0 0
9.225 -5.01842 0 0
9.23 -5.0235 0 0
9.235 -5.02846 0 0
9.24 -5.03329 0 0
9.245 -5.038 0 0
9.25 -5.04258 0 0
9.255 -5.04703 0 0
9.26 -5.05136 0 0
9.265 -5.05556 0 0
9.27 -5.05964 0 0
9.275 -5.06359 0 0
9.28 -5.06741 0 0
9.285 -5.07111 0 0
9.29 -5.07468 0 0
9.295 -5.07812 0 0
9.3 -5.08144 0 0
9.305 -5.08463 0 0
9.31 -5.08769 0 0
9.315 -5.09063 0 0
9.32 -5.09343 0 0
9.325 -5.09611 0 0
9.33 -5.09867 0 0
9.335 -5.10109 0 0
9.34 -5.10339 0 0
9.345 -5.10556 0 0
9.35 -5.10761 0 0
9.355 -5.10952 0 0
9.36 -5.11131 0 0
9.365 -5.11297 0 0
9.37 -5.1145 0 0
9.375 -5.11591 0 0
9.38 -5.11719 0 0
9.385 -5.11833 0 0
9.39 -5.11936 0 0
9.395 -5.12025 0 0
9.4 -5.12101 0 0
9.405 -5.12165 0 0
9.41 -5.12216 0 0
9.415 -5.12254 0 0
9.42 -5.12279 0 0
9.425 -5.12292 0 0
9.43 -5.12292 0 0
9.43143 -5.12288 0 0
9.43643 -5.12271 0 0
9.44143 -5.12242 0 0
9.44643 -5.12199 0 0
9.45143 -5.12144 0 0
9.45643 -5.12076 0 0
9.46143 -5.11995 0 0
9.46643 -5.11902 0 0
9.47143 -5.11795 0 0
9.47643 -5.11676 0 0
9.48143 -5.11544 0 0
9.48643 -5.11399 0 0
9.49143 -5.11242 0 0
9.49643 -5.11071 0 0
9.50143 -5.10888 0 0
9.50643 -5.10692 0 0
9.51143 -5.10483 0 0
9.51643 -5.10262 0 0
9.52143 -5.10028 0 0
9.52643 -5.09781 0 0
9.53143 -5.09521 0 0
9.53643 -5.09249 0 0
9.54143 -5.08963 0 0
9.54643 -5.08665 0 0
9.55143 -5.08355 0 0
9.55643 -5.08031 0 0
9.56143 -5.07695 0 0
9.56643 -5.07347 0 0
9.57143 -5.06985 0 0
9.57643 -5.06611 0 0
9.58143 -5.06224 0 0
9.58643 -5.05825 0 0
9.59143 -5.05412 0 0
9.59643 -5.04988 0 0
9.60143 -5.0455 0 0
9.60643 -5.041 0 0
9.61143 -5.03637 0 0
9.61643 -5.03162 0 0
9.62143 -5.02674 0 0
9.62643 -5.02174 0 0
9.63143 -5.01661 0 0
9.63643 -5.01135 0 0
9.64143 -5.00597 0 0
9.64643 -5.00046 0 0
9.65143 -4.99483 0 0
9.65643 -4.98908 0 0
9.66143 -4.98319 0 0
9.66643 -4.97719 0 0
9.67143 -4.97106 0 0
9.67643 -4.9648 0 0
9.68143 -4.95842 0 0
9.68643 -4.95192 0 0
9.69143 -4.94529 0 0
9.69643 -4.93854 0 0
9.70143 -4.93166 0 0
9.70643 -4.92467 0 0
9.71143 -4.91754 0 0
9.71643 -4.9103 0 0
9.72143 -4.90293 0 0
9.72643 -4.89544 0 0
9.73143 -4.88783 0 0
9.73643 -4.88009 0 0
9.74143 -4.87223 0 0
9.74643 -4.86426 0 0
9.75143 -4.85615 0 0
9.75643 -4.84793 0 0
9.76143 -4.83959 0 0
9.76643 -4.83112 0 0
9.77143 -4.82253 0 0
9.77643 -4.81383 0 0
9.78143 -4.805 0 0
9.78643 -4.79605 0 0
9.79143 -4.78698 0 0
9.79643 -4.77779 0 0
9.80143 -4.76848 0 0
9.80643 -4.75906 0 0
9.81143 -4.74951 0 0
9.81643 -4.73984 0 0
9.82143 -4.73006 0 0
9.82643 -4.72016 0 0
9.83143 -4.71014 0 0
9.83643 -4.7 0 0
9.84143 -4.68974 0 0
9.84643 -4.67936 0 0
9.85143 -4.66887 0 0
9.85643 -4.65826 0 0
9.86143 -4.64754 0 0
9.86643 -4.6367 0 0
9.87143 -4.62574 0 0
9.87643 -4.61466 0 0
9.88143 -4.60347 0 0
9.88643 -4.59217 0 0
9.89143 -4.58075 0 0
9.89643 -4.56921 0 0
9.90143 -4.55757 0 0
9.90643 -4.5458 0 0
9.91143 -4.53392 0 0
9.91643 -4.52193 0 0
9.92143 -4.50983 0 0
9.92643 -4.49761 0 0
9.93143 -4.48528 0 0
9.93643 -4.47284 0 0
9.94143 -4.46028 0 0
9.94643 -4.44762 0 0
9.95143 -4.43484 0 0
9.95643 -4.42195 0 0
9.96143 -4.40895 0 0
9.96643 -4.39584 0 0
9.97143 -4.38262 0 0
9.97643 -4.36928 0 0
9.98143 -4.35584 0 0
9.98643 -4.34229 0 0
9.99143 -4.32864 0 0
9.99643 -4.31487 0 0
