0 0 0 0
0.01 -0.05 0 0
0.05 -0.25 0 0
0.055 -0.27499 0 0
0.06 -0.299974 0 0
0.065 -0.324951 0 0
0.07 -0.34992 0 0
0.075 -0.374881 0 0
0.08 -0.399834 0 0
0.085 -0.424777 0 0
0.09 -0.44971 0 0
0.095 -0.474633 0 0
0.1 -0.499544 0 0
0.105 -0.524443 0 0
0.11 -0.54933 0 0
0.115 -0.574204 0 0
0.12 -0.599064 0 0
0.125 -0.62391 0 0
0.13 -0.64874 0 0
0.135 -0.673556 0 0
0.14 -0.698355 0 0
0.145 -0.723137 0 0
0.15 -0.747901 0 0
0.155 -0.772648 0 0
0.16 -0.797376 0 0
0.165 -0.822084 0 0
0.17 -0.846773 0 0
0.175 -0.871441 0 0
0.18 -0.896088 0 0
0.185 -0.920713 0 0
0.19 -0.945316 0 0
0.195 -0.969895 0 0
0.2 -0.994451 0 0
0.205 -1.01898 0 0
0.21 -1.04349 0 0
0.215 -1.06797 0 0
0.22 -1.09243 0 0
0.225 -1.11686 0 0
0.23 -1.14126 0 0
0.235 -1.16563 0 0
0.24 -1.18998 0 0
0.245 -1.21429 0 0
0.25 -1.23858 0 0
0.255 -1.26283 0 0
0.26 -1.28706 0 0
0.265 -1.31125 0 0
0.27 -1.33541 0 0
0.275 -1.35954 0 0
0.28 -1.38363 0 0
0.285 -1.4077 0 0
0.29 -1.43172 0 0
0.295 -1.45571 0 0
0.3 -1.47967 0 0
0.305 -1.50359 0 0
0.31 -1.52747 0 0
0.315 -1.55131 0 0
0.32 -1.57512 0 0
0.325 -1.59889 0 0
0.33 -1.62261 0 0
0.335 -1.6463 0 0
0.34 -1.66995 0 0
0.345 -1.69356 0 0
0.35 -1.71712 0 0
0.355 -1.74064 0 0
0.36 -1.76412 0 0
0.365 -1.78756 0 0
0.37 -1.81095 0 0
0.375 -1.8343 0 0
0.38 -1.8576 0 0
0.385 -1.88085 0 0
0.39 -1.90406 0 0
0.395 -1.92722 0 0
0.4 -1.95034 0 0
0.405 -1.97341 0 0
0.41 -1.99642 0 0
0.415 -2.01939 0 0
0.42 -2.04231 0 0
0.425 -2.06518 0 0
0.43 -2.08799 0 0
0.435 -2.11076 0 0
0.44 -2.13347 0 0
0.445 -2.15613 0 0
0.45 -2.17874 0 0
0.455 -2.20129 0 0
0.46 -2.22379 0 0
0.465 -2.24624 0 0
0.47 -2.26862 0 0
0.475 -2.29096 0 0
0.48 -2.31323 0 0
0.485 -2.33545 0 0
0.49 -2.35761 0 0
0.495 -2.37971 0 0
0.5 -2.40175 0 0
0.505 -2.42374 0 0
0.51 -2.44566 0 0
0.515 -2.46752 0 0
0.52 -2.48932 0 0
0.525 -2.51106 0 0
0.53 -2.53274 0 0
0.535 -2.55436 0 0
0.54 -2.57591 0 0
0.545 -2.59739 0 0
0.55 -2.61882 0 0
0.555 -2.64018 0 0
0.56 -2.66147 0 0
0.565 -2.6827 0 0
0.57 -2.70386 0 0
0.575 -2.72495 0 0
0.58 -2.74597 0 0
0.585 -2.76693 0 0
0.59 -2.78782 0 0
0.595 -2.80864 0 0
0.6 -2.82939 0 0
0.605 -2.85007 0 0
0.61 -2.87068 0 0
0.615 -2.89122 0 0
0.62 -2.91168 0 0
0.625 -2.93208 0 0
0.63 -2.9524 0 0
0.635 -2.97265 0 0
0.64 -2.99282 0 0
0.645 -3.01292 0 0
0.65 -3.03294 0 0
0.655 -3.05289 0 0
0.66 -3.07277 0 0
0.665 -3.09256 0 0
0.67 -3.11228 0 0
0.675 -3.13193 0 0
0.68 -3.15149 0 0
0.685 -3.17098 0 0
0.69 -3.19039 0 0
0.695 -3.20972 0 0
0.7 -3.22896 0 0
0.705 -3.24813 0 0
0.71 -3.26722 0 0
0.715 -3.28623 0 0
0.72 -3.30515 0 0
0.725 -3.324 0 0
0.73 -3.34276 0 0
0.735 -3.36143 0 0
0.74 -3.38003 0 0
0.745 -3.39854 0 0
0.75 -3.41696 0 0
0.755 -3.4353 0 0
0.76 -3.45356 0 0
0.765 -3.47173 0 0
0.77 -3.48981 0 0
0.775 -3.50781 0 0
0.78 -3.52571 0 0
0.785 -3.54354 0 0
0.79 -3.56127 0 0
0.795 -3.57891 0 0
0.8 -3.59647 0 0
0.805 -3.61393 0 0
0.81 -3.63131 0 0
0.815 -3.64859 0 0
0.82 -3.66579 0 0
0.825 -3.68289 0 0
0.83 -3.6999 0 0
0.835 -3.71682 0 0
0.84 -3.73365 0 0
0.845 -3.75039 0 0
0.85 -3.76703 0 0
0.855 -3.78357 0 0
0.86 -3.80003 0 0
0.865 -3.81639 0 0
0.87 -3.83265 0 0
0.875 -3.84882 0 0
0.88 -3.86489 0 0
0.885 -3.88087 0 0
0.89 -3.89674 0 0
0.895 -3.91253 0 0
0.9 -3.92821 0 0
0.905 -3.9438 0 0
0.91 -3.95929 0 0
0.915 -3.97468 0 0
0.92 -3.98997 0 0
0.925 -4.00516 0 0
0.93 -4.02025 0 0
0.935 -4.03525 0 0
0.94 -4.05014 0 0
0.945 -4.06493 0 0
0.95 -4.07962 0 0
0.955 -4.09421 0 0
0.96 -4.10869 0 0
0.965 -4.12307 0 0
0.97 -4.13736 0 0
0.975 -4.15153 0 0
0.98 -4.16561 0 0
0.985 -4.17958 0 0
0.99 -4.19344 0 0
0.995 -4.20721 0 0
1 -4.22086 0 0
1.005 -4.23441 0 0
1.01 -4.24786 0 0
1.015 -4.2612 0 0
1.02 -4.27444 0 0
1.025 -4.28756 0 0
1.03 -4.30058 0 0
1.035 -4.3135 0 0
1.04 -4.3263 0 0
1.045 -4.339 0 0
1.05 -4.35159 0 0
1.055 -4.36407 0 0
1.06 -4.37645 0 0
1.065 -4.38871 0 0
1.07 -4.40086 0 0
1.075 -4.41291 0 0
1.08 -4.42484 0 0
1.085 -4.43667 0 0
1.09 -4.44838 0 0
1.095 -4.45998 0 0
1.1 -4.47148 0 0
1.105 -4.48286 0 0
1.11 -4.49412 0 0
1.115 -4.50528 0 0
1.12 -4.51632 0 0
1.125 -4.52726 0 0
1.13 -4.53807 0 0
1.135 -4.54878 0 0
1.14 -4.55937 0 0
1.145 -4.56985 0 0
1.15 -4.58021 0 0
1.155 -4.59046 0 0
1.16 -4.6006 0 0
1.165 -4.61062 0 0
1.17 -4.62052 0 0
1.175 -4.63031 0 0
1.18 -4.63999 0 0
1.185 -4.64955 0 0
1.19 -4.65899 0 0
1.195 -4.66832 0 0
1.2 -4.67753 0 0
1.205 -4.68662 0 0
1.21 -4.6956 0 0
1.215 -4.70446 0 0
1.22 -4.7132 0 0
1.225 -4.72182 0 0
1.23 -4.73033 0 0
1.235 -4.73872 0 0
1.24 -4.74699 0 0
1.245 -4.75514 0 0
1.25 -4.76317 0 0
1.255 -4.77109 0 0
1.26 -4.77888 0 0
1.265 -4.78656 0 0
1.27 -4.79411 0 0
1.275 -4.80155 0 0
1.28 -4.80887 0 0
1.285 -4.81606 0 0
1.29 -4.82314 0 0
1.295 -4.8301 0 0
1.3 -4.83693 0 0
1.305 -4.84365 0 0
1.31 -4.85024 0 0
1.315 -4.85672 0 0
1.32 -4.86307 0 0
1.325 -4.8693 0 0
1.33 -4.87541 0 0
1.335 -4.88139 0 0
1.34 -4.88726 0 0
1.345 -4.893 0 0
1.35 -4.89862 0 0
1.355 -4.90412 0 0
1.36 -4.9095 0 0
1.365 -4.91475 0 0
1.37 -4.91988 0 0
1.375 -4.92489 0 0
1.38 -4.92977 0 0
1.385 -4.93453 0 0
1.39 -4.93917 0 0
1.395 -4.94369 0 0
1.4 -4.94808 0 0
1.405 -4.95235 0 0
1.41 -4.95649 0 0
1.415 -4.96051 0 0
1.42 -4.96441 0 0
1.425 -4.96818 0 0
1.43 -4.97183 0 0
1.435 -4.97535 0 0
1.44 -4.97875 0 0
1.445 -4.98203 0 0
1.45 -4.98518 0 0
1.455 -4.98821 0 0
1.46 -4.99111 0 0
1.465 -4.99389 0 0
1.47 -4.99654 0 0
1.475 -4.99907 0 0
1.48 -5.00147 0 0
1.485 -5.00375 0 0
1.49 -5.0059 0 0
1.495 -5.00793 0 0
1.5 -5.00983 0 0
1.505 -5.01161 0 0
1.51 -5.01326 0 0
1.515 -5.01478 0 0
1.52 -5.01619 0 0
1.525 -5.01746 0 0
1.53 -5.01861 0 0
1.535 -5.01964 0 0
1.54 -5.02054 0 0
1.545 -5.02131 0 0
1.55 -5.02196 0 0
1.555 -5.02248 0 0
1.56 -5.02288 0 0
1.565 -5.02315 0 0
1.57 -5.0233 0 0
1.575 -5.02332 0 0
1.58 -5.02322 0 0
1.585 -5.02298 0 0
1.59 -5.02263 0 0
1.595 -5.02215 0 0
1.6 -5.02154 0 0
1.605 -5.02081 0 0
1.61 -5.01995 0 0
1.615 -5.01897 0 0
1.62 -5.01786 0 0
1.625 -5.01662 0 0
1.63 -5.01526 0 0
1.635 -5.01378 0 0
1.64 -5.01217 0 0
1.645 -5.01043 0 0
1.65 -5.00857 0 0
1.655 -5.00658 0 0
1.66 -5.00447 0 0
1.665 -5.00223 0 0
1.67 -4.99987 0 0
1.675 -4.99738 0 0
1.68 -4.99477 0 0
1.685 -4.99203 0 0
1.69 -4.98917 0 0
1.695 -4.98618 0 0
1.7 -4.98307 0 0
1.705 -4.97984 0 0
1.71 -4.97648 0 0
1.715 -4.97299 0 0
1.72 -4.96938 0 0
1.725 -4.96565 0 0
1.73 -4.96179 0 0
1.735 -4.95781 0 0
1.74 -4.9537 0 0
1.745 -4.94947 0 0
1.75 -4.94511 0 0
1.755 -4.94064 0 0
1.76 -4.93603 0 0
1.765 -4.93131 0 0
1.77 -4.92646 0 0
1.775 -4.92149 0 0
1.78 -4.91639 0 0
1.785 -4.91118 0 0
1.79 -4.90583 0 0
1.795 -4.90037 0 0
1.8 -4.89478 0 0
1.805 -4.88908 0 0
1.81 -4.88324 0 0
1.815 -4.87729 0 0
1.82 -4.87122 0 0
1.825 -4.86502 0 0
1.83 -4.8587 0 0
1.835 -4.85226 0 0
1.84 -4.84569 0 0
1.845 -4.83901 0 0
1.85 -4.83221 0 0
1.855 -4.82528 0 0
1.86 -4.81823 0 0
1.865 -4.81107 0 0
1.87 -4.80378 0 0
1.875 -4.79637 0 0
1.88 -4.78884 0 0
1.885 -4.78119 0 0
1.89 -4.77343 0 0
1.895 -4.76554 0 0
1.9 -4.75753 0 0
1.905 -4.74941 0 0
1.91 -4.74116 0 0
1.915 -4.7328 0 0
1.92 -4.72432 0 0
1.925 -4.71572 0 0
1.93 -4.707 0 0
1.935 -4.69816 0 0
1.94 -4.68921 0 0
1.945 -4.68014 0 0
1.95 -4.67095 0 0
1.955 -4.66164 0 0
1.96 -4.65222 0 0
1.965 -4.64268 0 0
1.97 -4.63303 0 0
1.975 -4.62326 0 0
1.98 -4.61337 0 0
1.985 -4.60337 0 0
1.99 -4.59325 0 0
1.995 -4.58301 0 0
2 -4.57267 0 0
2.005 -4.5622 0 0
2.01 -4.55163 0 0
2.015 -4.54094 0 0
2.02 -4.53013 0 0
2.025 -4.51921 0 0
2.03 -4.50818 0 0
2.035 -4.49704 0 0
2.04 -4.48578 0 0
2.045 -4.47441 0 0
2.05 -4.46293 0 0
2.055 -4.45134 0 0
2.06 -4.43963 0 0
2.065 -4.42781 0 0
2.07 -4.41589 0 0
2.075 -4.40385 0 0
2.08 -4.3917 0 0
2.085 -4.37944 0 0
2.09 -4.36707 0 0
2.095 -4.35459 0 0
2.1 -4.34201 0 0
2.105 -4.32931 0 0
2.11 -4.31651 0 0
2.115 -4.30359 0 0
2.12 -4.29057 0 0
2.125 -4.27745 0 0
2.13 -4.26421 0 0
2.135 -4.25087 0 0
2.14 -4.23742 0 0
2.145 -4.22386 0 0
2.15 -4.2102 0 0
2.155 -4.19644 0 0
2.16 -4.18256 0 0
2.165 -4.16859 0 0
2.17 -4.1545 0 0
2.175 -4.14032 0 0
2.18 -4.12603 0 0
2.185 -4.11164 0 0
2.19 -4.09714 0 0
2.195 -4.08254 0 0
2.2 -4.06784 0 0
2.205 -4.05304 0 0
2.21 -4.03813 0 0
2.215 -4.02312 0 0
2.22 -4.00802 0 0
2.225 -3.99281 0 0
2.23 -3.9775 0 0
2.235 -3.96209 0 0
2.24 -3.94658 0 0
2.245 -3.93098 0 0
2.25 -3.91527 0 0
2.255 -3.89947 0 0
2.26 -3.88357 0 0
2.265 -3.86757 0 0
2.27 -3.85147 0 0
2.275 -3.83528 0 0
2.28 -3.81899 0 0
2.285 -3.80261 0 0
2.29 -3.78612 0 0
2.295 -3.76955 0 0
2.3 -3.75288 0 0
2.305 -3.73612 0 0
2.31 -3.71926 0 0
2.315 -3.70231 0 0
2.32 -3.68526 0 0
2.325 -3.66812 0 0
2.33 -3.65089 0 0
2.335 -3.63357 0 0
2.34 -3.61616 0 0
2.345 -3.59866 0 0
2.35 -3.58106 0 0
2.355 -3.56338 0 0
2.36 -3.54561 0 0
2.365 -3.52775 0 0
2.37 -3.5098 0 0
2.375 -3.49176 0 0
2.38 -3.47363 0 0
2.385 -3.45542 0 0
2.39 -3.43712 0 0
2.395 -3.41873 0 0
2.4 -3.40026 0 0
2.405 -3.3817 0 0
2.41 -3.36305 0 0
2.415 -3.34433 0 0
2.42 -3.32551 0 0
2.425 -3.30662 0 0
2.43 -3.28764 0 0
2.435 -3.26858 0 0
2.44 -3.24943 0 0
2.445 -3.23021 0 0
2.45 -3.2109 0 0
2.455 -3.19151 0 0
2.46 -3.17205 0 0
2.465 -3.1525 0 0
2.47 -3.13287 0 0
2.475 -3.11317 0 0
2.48 -3.09338 0 0
2.485 -3.07352 0 0
2.49 -3.05358 0 0
2.495 -3.03357 0 0
2.5 -3.01347 0 0
2.505 -2.9933 0 0
2.51 -2.97306 0 0
2.515 -2.95274 0 0
2.52 -2.93235 0 0
2.525 -2.91188 0 0
2.53 -2.89134 0 0
2.535 -2.87073 0 0
2.54 -2.85005 0 0
2.545 -2.82929 0 0
2.55 -2.80846 0 0
2.555 -2.78756 0 0
2.56 -2.76659 0 0
2.565 -2.74556 0 0
2.57 -2.72445 0 0
2.575 -2.70327 0 0
2.58 -2.68203 0 0
2.585 -2.66072 0 0
2.59 -2.63934 0 0
2.595 -2.61789 0 0
2.6 -2.59638 0 0
2.605 -2.5748 0 0
2.61 -2.55316 0 0
2.615 -2.53145 0 0
2.62 -2.50968 0 0
2.625 -2.48785 0 0
2.63 -2.46596 0 0
2.635 -2.444 0 0
2.64 -2.42198 0 0
2.645 -2.3999 0 0
2.65 -2.37775 0 0
2.655 -2.35555 0 0
2.66 -2.33329 0 0
2.665 -2.31097 0 0
2.67 -2.28859 0 0
2.675 -2.26616 0 0
2.68 -2.24366 0 0
2.685 -2.22111 0 0
2.69 -2.19851 0 0
2.695 -2.17585 0 0
2.7 -2.15313 0 0
2.705 -2.13036 0 0
2.71 -2.10753 0 0
2.715 -2.08466 0 0
2.72 -2.06173 0 0
2.725 -2.03874 0 0
2.73 -2.01571 0 0
2.735 -1.99262 0 0
2.74 -1.96949 0 0
2.745 -1.9463 0 0
2.75 -1.92307 0 0
2.755 -1.89978 0 0
2.76 -1.87645 0 0
2.765 -1.85307 0 0
2.77 -1.82965 0 0
2.775 -1.80618 0 0
2.78 -1.78266 0 0
2.785 -1.75909 0 0
2.79 -1.73549 0 0
2.795 -1.71184 0 0
2.8 -1.68814 0 0
2.805 -1.6644 0 0
2.81 -1.64062 0 0
2.815 -1.6168 0 0
2.82 -1.59294 0 0
2.825 -1.56903 0 0
2.83 -1.54509 0 0
2.835 -1.52111 0 0
2.84 -1.49709 0 0
2.845 -1.47303 0 0
2.85 -1.44893 0 0
2.855 -1.4248 0 0
2.86 -1.40063 0 0
2.865 -1.37643 0 0
2.87 -1.35219 0 0
2.875 -1.32791 0 0
2.88 -1.3036 0 0
2.885 -1.27926 0 0
2.89 -1.25489 0 0
2.895 -1.23048 0 0
2.9 -1.20605 0 0
2.905 -1.18158 0 0
2.91 -1.15708 0 0
2.915 -1.13255 0 0
2.92 -1.108 0 0
2.925 -1.08341 0 0
2.93 -1.0588 0 0
2.935 -1.03416 0 0
2.94 -1.00949 0 0
2.945 -0.9848 0 0
2.95 -0.960083 0 0
2.955 -0.935341 0 0
2.96 -0.910575 0 0
2.965 -0.885786 0 0
2.97 -0.860973 0 0
2.975 -0.836139 0 0
2.98 -0.811284 0 0
2.985 -0.786407 0 0
2.99 -0.76151 0 0
2.995 -0.736593 0 0
3 -0.711658 0 0
3.005 -0.686704 0 0
3.01 -0.661732 0 0
3.015 -0.636743 0 0
3.02 -0.611737 0 0
3.025 -0.586716 0 0
3.03 -0.561679 0 0
3.035 -0.536628 0 0
3.04 -0.511562 0 0
3.045 -0.486483 0 0
3.05 -0.461392 0 0
3.055 -0.436288 0 0
3.06 -0.411173 0 0
3.065 -0.386046 0 0
3.07 -0.36091 0 0
3.075 -0.335763 0 0
3.08 -0.310608 0 0
3.085 -0.285445 0 0
3.09 -0.260273 0 0
3.095 -0.235095 0 0
3.1 -0.20991 0 0
3.105 -0.184719 0 0
3.11 -0.159523 0 0
3.115 -0.134322 0 0
3.12 -0.109117 0 0
3.125 -0.083909 0 0
3.13 -0.0586982 0 0
3.135 -0.0334853 0 0
3.14 -0.00827086 0 0
3.145 0.0169444 0 0
3.15 0.0421598 0 0
3.155 0.0673749 0 0
3.16 0.0925888 0 0
3.165 0.117801 0 0
3.17 0.143011 0 0
3.175 0.168218 0 0
3.18 0.193422 0 0
3.185 0.218621 0 0
3.19 0.243815 0 0
3.195 0.269004 0 0
3.2 0.294187 0 0
3.205 0.319363 0 0
3.21 0.344532 0 0
3.215 0.369693 0 0
3.22 0.394845 0 0
3.225 0.419988 0 0
3.23 0.445121 0 0
3.235 0.470243 0 0
3.24 0.495355 0 0
3.245 0.520455 0 0
3.25 0.545542 0 0
3.255 0.570616 0 0
3.26 0.595677 0 0
3.265 0.620723 0 0
3.27 0.645755 0 0
3.275 0.670771 0 0
3.28 0.69577 0 0
3.285 0.720754 0 0
3.29 0.745719 0 0
3.295 0.770667 0 0
3.3 0.795596 0 0
3.305 0.820506 0 0
3.31 0.845395 0 0
3.315 0.870265 0 0
3.32 0.895113 0 0
3.325 0.919939 0 0
3.33 0.944743 0 0
3.335 0.969524 0 0
3.34 0.994282 0 0
3.345 1.01902 0 0
3.35 1.04372 0 0
3.355 1.06841 0 0
3.36 1.09306 0 0
3.365 1.11769 0 0
3.37 1.1423 0 0
3.375 1.16687 0 0
3.38 1.19142 0 0
3.385 1.21593 0 0
3.39 1.24042 0 0
3.395 1.26488 0 0
3.4 1.2893 0 0
3.405 1.3137 0 0
3.41 1.33806 0 0
3.415 1.36239 0 0
3.42 1.38669 0 0
3.425 1.41095 0 0
3.43 1.43517 0 0
3.435 1.45937 0 0
3.44 1.48352 0 0
3.445 1.50764 0 0
3.45 1.53172 0 0
3.455 1.55577 0 0
3.46 1.57977 0 0
3.465 1.60374 0 0
3.47 1.62767 0 0
3.475 1.65156 0 0
3.48 1.6754 0 0
3.485 1.69921 0 0
3.49 1.72297 0 0
3.495 1.7467 0 0
3.5 1.77037 0 0
3.505 1.79401 0 0
3.51 1.8176 0 0
3.515 1.84114 0 0
3.52 1.86464 0 0
3.525 1.8881 0 0
3.53 1.91151 0 0
3.535 1.93487 0 0
3.54 1.95818 0 0
3.545 1.98144 0 0
3.55 2.00466 0 0
3.555 2.02782 0 0
3.56 2.05094 0 0
3.565 2.074 0 0
3.57 2.09702 0 0
3.575 2.11998 0 0
3.58 2.14289 0 0
3.585 2.16575 0 0
3.59 2.18855 0 0
3.595 2.2113 0 0
3.6 2.23399 0 0
3.605 2.25663 0 0
3.61 2.27921 0 0
3.615 2.30174 0 0
3.62 2.32421 0 0
3.625 2.34662 0 0
3.63 2.36897 0 0
3.635 2.39127 0 0
3.64 2.4135 0 0
3.645 2.43568 0 0
3.65 2.4578 0 0
3.655 2.47985 0 0
3.66 2.50184 0 0
3.665 2.52378 0 0
3.67 2.54564 0 0
3.675 2.56745 0 0
3.68 2.58919 0 0
3.685 2.61087 0 0
3.69 2.63248 0 0
3.695 2.65403 0 0
3.7 2.67551 0 0
3.705 2.69693 0 0
3.71 2.71828 0 0
3.715 2.73956 0 0
3.72 2.76077 0 0
3.725 2.78192 0 0
3.73 2.80299 0 0
3.735 2.824 0 0
3.74 2.84494 0 0
3.745 2.8658 0 0
3.75 2.8866 0 0
3.755 2.90732 0 0
3.76 2.92797 0 0
3.765 2.94855 0 0
3.77 2.96905 0 0
3.775 2.98949 0 0
3.78 3.00984 0 0
3.785 3.03012 0 0
3.79 3.05033 0 0
3.795 3.07046 0 0
3.8 3.09052 0 0
3.805 3.1105 0 0
3.81 3.1304 0 0
3.815 3.15022 0 0
3.82 3.16996 0 0
3.825 3.18963 0 0
3.83 3.20922 0 0
3.835 3.22873 0 0
3.84 3.24815 0 0
3.845 3.2675 0 0
3.85 3.28676 0 0
3.855 3.30595 0 0
3.86 3.32505 0 0
3.865 3.34407 0 0
3.87 3.363 0 0
3.875 3.38185 0 0
3.88 3.40062 0 0
3.885 3.4193 0 0
3.89 3.4379 0 0
3.895 3.45642 0 0
3.9 3.47484 0 0
3.905 3.49318 0 0
3.91 3.51144 0 0
3.915 3.5296 0 0
3.92 3.54768 0 0
3.925 3.56567 0 0
3.93 3.58357 0 0
3.935 3.60138 0 0
3.94 3.61911 0 0
3.945 3.63674 0 0
3.95 3.65428 0 0
3.955 3.67173 0 0
3.96 3.68909 0 0
3.965 3.70636 0 0
3.97 3.72354 0 0
3.975 3.74062 0 0
3.98 3.75761 0 0
3.985 3.77451 0 0
3.99 3.79131 0 0
3.995 3.80802 0 0
4 3.82463 0 0
4.005 3.84115 0 0
4.01 3.85757 0 0
4.015 3.8739 0 0
4.02 3.89013 0 0
4.025 3.90626 0 0
4.03 3.9223 0 0
4.035 3.93824 0 0
4.04 3.95408 0 0
4.045 3.96982 0 0
4.05 3.98546 0 0
4.055 4.00101 0 0
4.06 4.01645 0 0
4.065 4.0318 0 0
4.07 4.04704 0 0
4.075 4.06218 0 0
4.08 4.07722 0 0
4.085 4.09216 0 0
4.09 4.107 0 0
4.095 4.12174 0 0
4.1 4.13637 0 0
4.105 4.1509 0 0
4.11 4.16533 0 0
4.115 4.17965 0 0
4.12 4.19387 0 0
4.125 4.20799 0 0
4.13 4.222 0 0
4.135 4.2359 0 0
4.14 4.2497 0 0
4.145 4.26339 0 0
4.15 4.27698 0 0
4.155 4.29046 0 0
4.16 4.30383 0 0
4.165 4.3171 0 0
4.17 4.33026 0 0
4.175 4.34331 0 0
4.18 4.35625 0 0
4.185 4.36908 0 0
4.19 4.38181 0 0
4.195 4.39442 0 0
4.2 4.40693 0 0
4.205 4.41932 0 0
4.21 4.43161 0 0
4.215 4.44379 0 0
4.22 4.45585 0 0
4.225 4.4678 0 0
4.23 4.47965 0 0
4.235 4.49138 0 0
4.24 4.503 0 0
4.245 4.5145 0 0
4.25 4.5259 0 0
4.255 4.53718 0 0
4.26 4.54834 0 0
4.265 4.5594 0 0
4.27 4.57034 0 0
4.275 4.58116 0 0
4.28 4.59188 0 0
4.285 4.60247 0 0
4.29 4.61296 0 0
4.295 4.62333 0 0
4.3 4.63358 0 0
4.305 4.64372 0 0
4.31 4.65374 0 0
4.315 4.66364 0 0
4.32 4.67343 0 0
4.325 4.6831 0 0
4.33 4.69266 0 0
4.335 4.7021 0 0
4.34 4.71142 0 0
4.345 4.72062 0 0
4.35 4.7297 0 0
4.355 4.73867 0 0
4.36 4.74752 0 0
4.365 4.75625 0 0
4.37 4.76486 0 0
4.375 4.77336 0 0
4.38 4.78173 0 0
4.385 4.78999 0 0
4.39 4.79812 0 0
4.395 4.80614 0 0
4.4 4.81403 0 0
4.405 4.82181 0 0
4.41 4.82946 0 0
4.415 4.837 0 0
4.42 4.84441 0 0
4.425 4.8517 0 0
4.43 4.85888 0 0
4.435 4.86593 0 0
4.44 4.87285 0 0
4.445 4.87966 0 0
4.45 4.88635 0 0
4.455 4.89291 0 0
4.46 4.89935 0 0
4.465 4.90567 0 0
4.47 4.91187 0 0
4.475 4.91794 0 0
4.48 4.92389 0 0
4.485 4.92972 0 0
4.49 4.93543 0 0
4.495 4.94101 0 0
4.5 4.94647 0 0
4.505 4.9518 0 0
4.51 4.95701 0 0
4.515 4.9621 0 0
4.52 4.96706 0 0
4.525 4.9719 0 0
4.53 4.97662 0 0
4.535 4.98121 0 0
4.54 4.98567 0 0
4.545 4.99002 0 0
4.55 4.99423 0 0
4.555 4.99833 0 0
4.56 5.00229 0 0
4.565 5.00614 0 0
4.57 5.00985 0 0
4.575 5.01345 0 0
4.58 5.01691 0 0
4.585 5.02026 0 0
4.59 5.02347 0 0
4.595 5.02656 0 0
4.6 5.02953 0 0
4.605 5.03237 0 0
4.61 5.03508 0 0
4.615 5.03767 0 0
4.62 5.04013 0 0
4.625 5.04247 0 0
4.63 5.04468 0 0
4.635 5.04677 0 0
4.64 5.04872 0 0
4.645 5.05056 0 0
4.65 5.05226 0 0
4.655 5.05384 0 0
4.66 5.05529 0 0
4.665 5.05662 0 0
4.67 5.05782 0 0
4.675 5.0589 0 0
4.68 5.05984 0 0
4.685 5.06066 0 0
4.69 5.06136 0 0
4.695 5.06193 0 0
4.7 5.06237 0 0
4.705 5.06268 0 0
4.71 5.06287 0 0
4.715 5.06294 0 0
4.72 5.06287 0 0
4.725 5.06268 0 0
4.73 5.06236 0 0
4.735 5.06192 0 0
4.74 5.06135 0 0
4.745 5.06065 0 0
4.75 5.05983 0 0
4.755 5.05887 0 0
4.76 5.0578 0 0
4.765 5.05659 0 0
4.77 5.05526 0 0
4.775 5.05381 0 0
4.78 5.05223 0 0
4.785 5.05052 0 0
4.79 5.04868 0 0
4.795 5.04672 0 0
4.8 5.04463 0 0
4.805 5.04242 0 0
4.81 5.04008 0 0
4.815 5.03761 0 0
4.82 5.03502 0 0
4.825 5.0323 0 0
4.83 5.02946 0 0
4.835 5.02649 0 0
4.84 5.02339 0 0
4.845 5.02017 0 0
4.85 5.01682 0 0
4.855 5.01335 0 0
4.86 5.00975 0 0
4.865 5.00603 0 0
4.87 5.00218 0 0
4.875 4.99821 0 0
4.88 4.99411 0 0
4.885 4.98989 0 0
4.89 4.98554 0 0
4.895 4.98107 0 0
4.9 4.97647 0 0
4.905 4.97175 0 0
4.91 4.9669 0 0
4.915 4.96193 0 0
4.92 4.95684 0 0
4.925 4.95162 0 0
4.93 4.94627 0 0
4.935 4.94081 0 0
4.94 4.93522 0 0
4.945 4.9295 0 0
4.95 4.92366 0 0
4.955 4.9177 0 0
4.96 4.91162 0 0
4.965 4.90541 0 0
4.97 4.89908 0 0
4.975 4.89263 0 0
4.98 4.88606 0 0
4.985 4.87936 0 0
4.99 4.87254 0 0
4.995 4.8656 0 0
5 4.85854 0 0
5.005 4.85135 0 0
5.01 4.84405 0 0
5.015 4.83662 0 0
5.02 4.82907 0 0
5.025 4.8214 0 0
5.03 4.81361 0 0
5.035 4.8057 0 0
5.04 4.79767 0 0
5.045 4.78952 0 0
5.05 4.78125 0 0
5.055 4.77286 0 0
5.06 4.76435 0 0
5.065 4.75572 0 0
5.07 4.74697 0 0
5.075 4.7381 0 0
5.08 4.72912 0 0
5.085 4.72001 0 0
5.09 4.71079 0 0
5.095 4.70145 0 0
5.1 4.69199 0 0
5.105 4.68241 0 0
5.11 4.67272 0 0
5.115 4.66291 0 0
5.12 4.65298 0 0
5.125 4.64294 0 0
5.13 4.63278 0 0
5.135 4.6225 0 0
5.14 4.61211 0 0
5.145 4.6016 0 0
5.15 4.59098 0 0
5.155 4.58024 0 0
5.16 4.56939 0 0
5.165 4.55842 0 0
5.17 4.54734 0 0
5.175 4.53615 0 0
5.18 4.52484 0 0
5.185 4.51341 0 0
5.19 4.50188 0 0
5.195 4.49023 0 0
5.2 4.47847 0 0
5.205 4.46659 0 0
5.21 4.45461 0 0
5.215 4.44251 0 0
5.22 4.4303 0 0
5.225 4.41798 0 0
5.23 4.40555 0 0
5.235 4.39301 0 0
5.24 4.38036 0 0
5.245 4.3676 0 0
5.25 4.35473 0 0
5.255 4.34175 0 0
5.26 4.32867 0 0
5.265 4.31547 0 0
5.27 4.30216 0 0
5.275 4.28875 0 0
5.28 4.27523 0 0
5.285 4.2616 0 0
5.29 4.24787 0 0
5.295 4.23403 0 0
5.3 4.22008 0 0
5.305 4.20603 0 0
5.31 4.19187 0 0
5.315 4.17761 0 0
5.32 4.16324 0 0
5.325 4.14876 0 0
5.33 4.13419 0 0
5.335 4.11951 0 0
5.34 4.10472 0 0
5.345 4.08984 0 0
5.35 4.07485 0 0
5.355 4.05975 0 0
5.36 4.04456 0 0
5.365 4.02926 0 0
5.37 4.01387 0 0
5.375 3.99837 0 0
5.38 3.98277 0 0
5.385 3.96708 0 0
5.39 3.95128 0 0
5.395 3.93538 0 0
5.4 3.91939 0 0
5.405 3.90329 0 0
5.41 3.8871 0 0
5.415 3.87081 0 0
5.42 3.85443 0 0
5.425 3.83795 0 0
5.43 3.82137 0 0
5.435 3.80469 0 0
5.44 3.78792 0 0
5.445 3.77105 0 0
5.45 3.75409 0 0
5.455 3.73704 0 0
5.46 3.71989 0 0
5.465 3.70265 0 0
5.47 3.68531 0 0
5.475 3.66789 0 0
5.48 3.65037 0 0
5.485 3.63275 0 0
5.49 3.61505 0 0
5.495 3.59726 0 0
5.5 3.57937 0 0
5.505 3.5614 0 0
5.51 3.54334 0 0
5.515 3.52519 0 0
5.52 3.50694 0 0
5.525 3.48862 0 0
5.53 3.4702 0 0
5.535 3.45169 0 0
5.54 3.4331 0 0
5.545 3.41443 0 0
5.55 3.39566 0 0
5.555 3.37682 0 0
5.56 3.35788 0 0
5.565 3.33886 0 0
5.57 3.31976 0 0
5.575 3.30058 0 0
5.58 3.28131 0 0
5.585 3.26196 0 0
5.59 3.24253 0 0
5.595 3.22301 0 0
5.6 3.20342 0 0
5.605 3.18374 0 0
5.61 3.16399 0 0
5.615 3.14415 0 0
5.62 3.12424 0 0
5.625 3.10424 0 0
5.63 3.08417 0 0
5.635 3.06402 0 0
5.64 3.0438 0 0
5.645 3.0235 0 0
5.65 3.00312 0 0
5.655 2.98266 0 0
5.66 2.96213 0 0
5.665 2.94153 0 0
5.67 2.92085 0 0
5.675 2.9001 0 0
5.68 2.87928 0 0
5.685 2.85838 0 0
5.69 2.83741 0 0
5.695 2.81637 0 0
5.7 2.79526 0 0
5.705 2.77408 0 0
5.71 2.75283 0 0
5.715 2.73151 0 0
5.72 2.71012 0 0
5.725 2.68866 0 0
5.73 2.66713 0 0
5.735 2.64554 0 0
5.74 2.62388 0 0
5.745 2.60215 0 0
5.75 2.58036 0 0
5.755 2.55851 0 0
5.76 2.53658 0 0
5.765 2.5146 0 0
5.77 2.49255 0 0
5.775 2.47044 0 0
5.78 2.44827 0 0
5.785 2.42603 0 0
5.79 2.40373 0 0
5.795 2.38138 0 0
5.8 2.35896 0 0
5.805 2.33648 0 0
5.81 2.31395 0 0
5.815 2.29135 0 0
5.82 2.2687 0 0
5.825 2.24599 0 0
5.83 2.22323 0 0
5.835 2.2004 0 0
5.84 2.17753 0 0
5.845 2.15459 0 0
5.85 2.13161 0 0
5.855 2.10857 0 0
5.86 2.08547 0 0
5.865 2.06232 0 0
5.87 2.03912 0 0
5.875 2.01587 0 0
5.88 1.99257 0 0
5.885 1.96922 0 0
5.89 1.94582 0 0
5.895 1.92237 0 0
5.9 1.89887 0 0
5.905 1.87532 0 0
5.91 1.85172 0 0
5.915 1.82808 0 0
5.92 1.80439 0 0
5.925 1.78066 0 0
5.93 1.75688 0 0
5.935 1.73306 0 0
5.94 1.70919 0 0
5.945 1.68528 0 0
5.95 1.66132 0 0
5.955 1.63733 0 0
5.96 1.61329 0 0
5.965 1.58921 0 0
5.97 1.56509 0 0
5.975 1.54093 0 0
5.98 1.51674 0 0
5.985 1.4925 0 0
5.99 1.46823 0 0
5.995 1.44391 0 0
6 1.41957 0 0
6.005 1.39518 0 0
6.01 1.37076 0 0
6.015 1.34631 0 0
6.02 1.32182 0 0
6.025 1.2973 0 0
6.03 1.27274 0 0
6.035 1.24815 0 0
6.04 1.22353 0 0
6.045 1.19888 0 0
6.05 1.1742 0 0
6.055 1.14949 0 0
6.06 1.12475 0 0
6.065 1.09998 0 0
6.07 1.07518 0 0
6.075 1.05036 0 0
6.08 1.0255 0 0
6.085 1.00063 0 0
6.09 0.975721 0 0
6.095 0.950792 0 0
6.1 0.925839 0 0
6.105 0.900862 0 0
6.11 0.875861 0 0
6.115 0.850838 0 0
6.12 0.825794 0 0
6.125 0.800728 0 0
6.13 0.775641 0 0
6.135 0.750534 0 0
6.14 0.725408 0 0
6.145 0.700263 0 0
6.15 0.6751 0 0
6.155 0.64992 0 0
6.16 0.624722 0 0
6.165 0.599509 0 0
6.17 0.57428 0 0
6.175 0.549035 0 0
6.18 0.523777 0 0
6.185 0.498504 0 0
6.19 0.473219 0 0
6.195 0.447921 0 0
6.2 0.422611 0 0
6.205 0.397291 0 0
6.21 0.371959 0 0
6.215 0.346618 0 0
6.22 0.321267 0 0
6.225 0.295908 0 0
6.23 0.27054 0 0
6.235 0.245165 0 0
6.24 0.219784 0 0
6.245 0.194396 0 0
6.25 0.169003 0 0
6.255 0.143605 0 0
6.26 0.118203 0 0
6.265 0.0927969 0 0
6.27 0.0673881 0 0
6.275 0.041977 0 0
6.28 0.0165641 0 0
6.285 -0.00884971 0 0
6.29 -0.034264 0 0
6.295 -0.059678 0 0
6.3 -0.0850912 0 0
6.305 -0.110503 0 0
6.31 -0.135913 0 0
6.315 -0.161319 0 0
6.32 -0.186723 0 0
6.325 -0.212122 0 0
6.33 -0.237517 0 0
6.335 -0.262906 0 0
6.34 -0.28829 0 0
6.345 -0.313667 0 0
6.35 -0.339036 0 0
6.355 -0.364398 0 0
6.36 -0.389752 0 0
6.365 -0.415096 0 0
6.37 -0.44043 0 0
6.375 -0.465754 0 0
6.38 -0.491068 0 0
6.385 -0.516369 0 0
6.39 -0.541658 0 0
6.395 -0.566935 0 0
6.4 -0.592197 0 0
6.405 -0.617446 0 0
6.41 -0.64268 0 0
6.415 -0.667898 0 0
6.42 -0.6931 0 0
6.425 -0.718286 0 0
6.43 -0.743454 0 0
6.435 -0.768605 0 0
6.44 -0.793736 0 0
6.445 -0.818849 0 0
6.45 -0.843941 0 0
6.455 -0.869014 0 0
6.46 -0.894065 0 0
6.465 -0.919094 0 0
6.47 -0.944101 0 0
6.475 -0.969085 0 0
6.48 -0.994046 0 0
6.485 -1.01898 0 0
6.49 -1.04389 0 0
6.495 -1.06878 0 0
6.5 -1.09364 0 0
6.505 -1.11847 0 0
6.51 -1.14328 0 0
6.515 -1.16806 0 0
6.52 -1.1928 0 0
6.525 -1.21752 0 0
6.53 -1.24221 0 0
6.535 -1.26687 0 0
6.54 -1.2915 0 0
6.545 -1.3161 0 0
6.55 -1.34066 0 0
6.555 -1.3652 0 0
6.56 -1.38969 0 0
6.565 -1.41416 0 0
6.57 -1.43859 0 0
6.575 -1.46298 0 0
6.58 -1.48734 0 0
6.585 -1.51166 0 0
6.59 -1.53595 0 0
6.595 -1.56019 0 0
6.6 -1.5844 0 0
6.605 -1.60857 0 0
6.61 -1.6327 0 0
6.615 -1.65679 0 0
6.62 -1.68084 0 0
6.625 -1.70484 0 0
6.63 -1.72881 0 0
6.635 -1.75273 0 0
6.64 -1.77661 0 0
6.645 -1.80045 0 0
6.65 -1.82424 0 0
6.655 -1.84798 0 0
6.66 -1.87168 0 0
6.665 -1.89534 0 0
6.67 -1.91895 0 0
6.675 -1.94251 0 0
6.68 -1.96602 0 0
6.685 -1.98948 0 0
6.69 -2.0129 0 0
6.695 -2.03626 0 0
6.7 -2.05957 0 0
6.705 -2.08284 0 0
6.71 -2.10605 0 0
6.715 -2.12921 0 0
6.72 -2.15232 0 0
6.725 -2.17537 0 0
6.73 -2.19837 0 0
6.735 -2.22132 0 0
6.74 -2.24421 0 0
6.745 -2.26704 0 0
6.75 -2.28982 0 0
6.755 -2.31254 0 0
6.76 -2.33521 0 0
6.765 -2.35782 0 0
6.77 -2.38036 0 0
6.775 -2.40285 0 0
6.78 -2.42529 0 0
6.785 -2.44766 0 0
6.79 -2.46997 0 0
6.795 -2.49221 0 0
6.8 -2.5144 0 0
6.805 -2.53653 0 0
6.81 -2.55859 0 0
6.815 -2.58059 0 0
6.82 -2.60252 0 0
6.825 -2.62439 0 0
6.83 -2.64619 0 0
6.835 -2.66793 0 0
6.84 -2.68961 0 0
6.845 -2.71121 0 0
6.85 -2.73275 0 0
6.855 -2.75422 0 0
6.86 -2.77563 0 0
6.865 -2.79696 0 0
6.87 -2.81823 0 0
6.875 -2.83942 0 0
6.88 -2.86054 0 0
6.885 -2.8816 0 0
6.89 -2.90258 0 0
6.895 -2.92349 0 0
6.9 -2.94433 0 0
6.905 -2.96509 0 0
6.91 -2.98578 0 0
6.915 -3.0064 0 0
6.92 -3.02694 0 0
6.925 -3.04741 0 0
6.93 -3.0678 0 0
6.935 -3.08811 0 0
6.94 -3.10835 0 0
6.945 -3.12851 0 0
6.95 -3.14859 0 0
6.955 -3.1686 0 0
6.96 -3.18853 0 0
6.965 -3.20837 0 0
6.97 -3.22814 0 0
6.975 -3.24783 0 0
6.98 -3.26743 0 0
6.985 -3.28696 0 0
6.99 -3.3064 0 0
6.995 -3.32576 0 0
7 -3.34504 0 0
7.005 -3.36424 0 0
7.01 -3.38335 0 0
7.015 -3.40238 0 0
7.02 -3.42132 0 0
7.025 -3.44018 0 0
7.03 -3.45895 0 0
7.035 -3.47764 0 0
7.04 -3.49624 0 0
7.045 -3.51475 0 0
7.05 -3.53318 0 0
7.055 -3.55151 0 0
7.06 -3.56976 0 0
7.065 -3.58792 0 0
7.07 -3.606 0 0
7.075 -3.62398 0 0
7.08 -3.64187 0 0
7.085 -3.65967 0 0
7.09 -3.67738 0 0
7.095 -3.695 0 0
7.1 -3.71253 0 0
7.105 -3.72996 0 0
7.11 -3.7473 0 0
7.115 -3.76455 0 0
7.12 -3.7817 0 0
7.125 -3.79876 0 0
7.13 -3.81573 0 0
7.135 -3.8326 0 0
7.14 -3.84938 0 0
7.145 -3.86606 0 0
7.15 -3.88264 0 0
7.155 -3.89913 0 0
7.16 -3.91552 0 0
7.165 -3.93181 0 0
7.17 -3.948 0 0
7.175 -3.9641 0 0
7.18 -3.9801 0 0
7.185 -3.996 0 0
7.19 -4.01179 0 0
7.195 -4.02749 0 0
7.2 -4.04309 0 0
7.205 -4.05859 0 0
7.21 -4.07399 0 0
7.215 -4.08928 0 0
7.22 -4.10447 0 0
7.225 -4.11957 0 0
7.23 -4.13455 0 0
7.235 -4.14944 0 0
7.24 -4.16422 0 0
7.245 -4.1789 0 0
7.25 -4.19348 0 0
7.255 -4.20795 0 0
7.26 -4.22231 0 0
7.265 -4.23657 0 0
7.27 -4.25073 0 0
7.275 -4.26477 0 0
7.28 -4.27872 0 0
7.285 -4.29255 0 0
7.29 -4.30628 0 0
7.295 -4.3199 0 0
7.3 -4.33341 0 0
7.305 -4.34682 0 0
7.31 -4.36012 0 0
7.315 -4.37331 0 0
7.32 -4.38639 0 0
7.325 -4.39936 0 0
7.33 -4.41222 0 0
7.335 -4.42497 0 0
7.34 -4.43761 0 0
7.345 -4.45014 0 0
7.35 -4.46256 0 0
7.355 -4.47486 0 0
7.36 -4.48706 0 0
7.365 -4.49914 0 0
7.37 -4.51112 0 0
7.375 -4.52298 0 0
7.38 -4.53472 0 0
7.385 -4.54636 0 0
7.39 -4.55788 0 0
7.395 -4.56928 0 0
7.4 -4.58058 0 0
7.405 -4.59175 0 0
7.41 -4.60282 0 0
7.415 -4.61377 0 0
7.42 -4.6246 0 0
7.425 -4.63532 0 0
7.43 -4.64592 0 0
7.435 -4.65641 0 0
7.44 -4.66678 0 0
7.445 -4.67704 0 0
7.45 -4.68717 0 0
7.455 -4.69719 0 0
7.46 -4.7071 0 0
7.465 -4.71688 0 0
7.47 -4.72655 0 0
7.475 -4.7361 0 0
7.48 -4.74554 0 0
7.485 -4.75485 0 0
7.49 -4.76405 0 0
7.495 -4.77312 0 0
7.5 -4.78208 0 0
7.505 -4.79092 0 0
7.51 -4.79964 0 0
7.515 -4.80824 0 0
7.52 -4.81672 0 0
7.525 -4.82507 0 0
7.53 -4.83331 0 0
7.535 -4.84143 0 0
7.54 -4.84943 0 0
7.545 -4.8573 0 0
7.55 -4.86506 0 0
7.555 -4.87269 0 0
7.56 -4.8802 0 0
7.565 -4.88759 0 0
7.57 -4.89486 0 0
7.575 -4.90201 0 0
7.58 -4.90903 0 0
7.585 -4.91593 0 0
7.59 -4.92271 0 0
7.595 -4.92936 0 0
7.6 -4.93589 0 0
7.605 -4.9423 0 0
7.61 -4.94859 0 0
7.615 -4.95475 0 0
7.62 -4.96079 0 0
7.625 -4.9667 0 0
7.63 -4.97249 0 0
7.635 -4.97816 0 0
7.64 -4.9837 0 0
7.645 -4.98912 0 0
7.65 -4.99441 0 0
7.655 -4.99958 0 0
7.66 -5.00462 0 0
7.665 -5.00954 0 0
7.67 -5.01433 0 0
7.675 -5.019 0 0
7.68 -5.02354 0 0
7.685 -5.02796 0 0
7.69 -5.03225 0 0
7.695 -5.03642 0 0
7.7 -5.04046 0 0
7.705 -5.04437 0 0
7.71 -5.04816 0 0
7.715 -5.05182 0 0
7.72 -5.05535 0 0
7.725 -5.05876 0 0
7.73 -5.06205 0 0
7.735 -5.0652 0 0
7.74 -5.06823 0 0
7.745 -5.07114 0 0
7.75 -5.07391 0 0
7.755 -5.07656 0 0
7.76 -5.07909 0 0
7.765 -5.08148 0 0
7.77 -5.08375 0 0
7.775 -5.08589 0 0
7.78 -5.08791 0 0
7.785 -5.08979 0 0
7.79 -5.09155 0 0
7.795 -5.09319 0 0
7.8 -5.09469 0 0
7.805 -5.09607 0 0
7.81 -5.09732 0 0
7.815 -5.09845 0 0
7.82 -5.09944 0 0
7.825 -5.10031 0 0
7.83 -5.10105 0 0
7.835 -5.10167 0 0
7.84 -5.10216 0 0
7.845 -5.10251 0 0
7.85 -5.10275 0 0
7.855 -5.10285 0 0
7.86 -5.10283 0 0
7.865 -5.10267 0 0
7.87 -5.1024 0 0
7.875 -5.10199 0 0
7.88 -5.10145 0 0
7.885 -5.10079 0 0
7.89 -5.1 0 0
7.895 -5.09909 0 0
7.9 -5.09804 0 0
7.905 -5.09687 0 0
7.91 -5.09557 0 0
7.915 -5.09415 0 0
7.92 -5.09259 0 0
7.925 -5.09091 0 0
7.93 -5.0891 0 0
7.935 -5.08717 0 0
7.94 -5.0851 0 0
7.945 -5.08291 0 0
7.95 -5.0806 0 0
7.955 -5.07815 0 0
7.96 -5.07558 0 0
7.965 -5.07288 0 0
7.97 -5.07006 0 0
7.975 -5.0671 0 0
7.98 -5.06403 0 0
7.985 -5.06082 0 0
7.99 -5.05749 0 0
7.995 -5.05403 0 0
8 -5.05044 0 0
8.005 -5.04673 0 0
8.01 -5.04289 0 0
8.015 -5.03893 0 0
8.02 -5.03484 0 0
8.025 -5.03063 0 0
8.03 -5.02628 0 0
8.035 -5.02182 0 0
8.04 -5.01722 0 0
8.045 -5.0125 0 0
8.05 -5.00766 0 0
8.055 -5.00269 0 0
8.06 -4.9976 0 0
8.065 -4.99238 0 0
8.07 -4.98703 0 0
8.075 -4.98156 0 0
8.08 -4.97597 0 0
8.085 -4.97025 0 0
8.09 -4.96441 0 0
8.095 -4.95844 0 0
8.1 -4.95235 0 0
8.105 -4.94613 0 0
8.11 -4.93979 0 0
8.115 -4.93333 0 0
8.12 -4.92674 0 0
8.125 -4.92003 0 0
8.13 -4.9132 0 0
8.135 -4.90624 0 0
8.14 -4.89917 0 0
8.145 -4.89196 0 0
8.15 -4.88464 0 0
8.155 -4.87719 0 0
8.16 -4.86963 0 0
8.165 -4.86194 0 0
8.17 -4.85412 0 0
8.175 -4.84619 0 0
8.18 -4.83813 0 0
8.185 -4.82996 0 0
8.19 -4.82166 0 0
8.195 -4.81324 0 0
8.2 -4.80471 0 0
8.205 -4.79605 0 0
8.21 -4.78727 0 0
8.215 -4.77837 0 0
8.22 -4.76935 0 0
8.225 -4.76021 0 0
8.23 -4.75096 0 0
8.235 -4.74158 0 0
8.24 -4.73209 0 0
8.245 -4.72247 0 0
8.25 -4.71274 0 0
8.255 -4.70289 0 0
8.26 -4.69292 0 0
8.265 -4.68284 0 0
8.27 -4.67264 0 0
8.275 -4.66232 0 0
8.28 -4.65188 0 0
8.285 -4.64133 0 0
8.29 -4.63066 0 0
8.295 -4.61987 0 0
8.3 -4.60897 0 0
8.305 -4.59796 0 0
8.31 -4.58682 0 0
8.315 -4.57558 0 0
8.32 -4.56422 0 0
8.325 -4.55274 0 0
8.33 -4.54115 0 0
8.335 -4.52945 0 0
8.34 -4.51763 0 0
8.345 -4.5057 0 0
8.35 -4.49366 0 0
8.355 -4.4815 0 0
8.36 -4.46923 0 0
8.365 -4.45685 0 0
8.37 -4.44436 0 0
8.375 -4.43176 0 0
8.38 -4.41904 0 0
8.385 -4.40622 0 0
8.39 -4.39328 0 0
8.395 -4.38024 0 0
8.4 -4.36708 0 0
8.405 -4.35381 0 0
8.41 -4.34044 0 0
8.415 -4.32696 0 0
8.42 -4.31336 0 0
8.425 -4.29966 0 0
8.43 -4.28586 0 0
8.435 -4.27194 0 0
8.44 -4.25792 0 0
8.445 -4.24379 0 0
8.45 -4.22955 0 0
8.455 -4.21521 0 0
8.46 -4.20076 0 0
8.465 -4.18621 0 0
8.47 -4.17155 0 0
8.475 -4.15679 0 0
8.48 -4.14192 0 0
8.485 -4.12695 0 0
8.49 -4.11188 0 0
8.495 -4.0967 0 0
8.5 -4.08142 0 0
8.505 -4.06604 0 0
8.51 -4.05055 0 0
8.515 -4.03497 0 0
8.52 -4.01928 0 0
8.525 -4.00349 0 0
8.53 -3.9876 0 0
8.535 -3.97161 0 0
8.54 -3.95552 0 0
8.545 -3.93933 0 0
8.55 -3.92305 0 0
8.555 -3.90666 0 0
8.56 -3.89018 0 0
8.565 -3.8736 0 0
8.57 -3.85692 0 0
8.575 -3.84014 0 0
8.58 -3.82327 0 0
8.585 -3.8063 0 0
8.59 -3.78924 0 0
8.595 -3.77208 0 0
8.6 -3.75483 0 0
8.605 -3.73748 0 0
8.61 -3.72004 0 0
8.615 -3.7025 0 0
8.62 -3.68488 0 0
8.625 -3.66716 0 0
8.63 -3.64934 0 0
8.635 -3.63144 0 0
8.64 -3.61344 0 0
8.645 -3.59536 0 0
8.65 -3.57718 0 0
8.655 -3.55891 0 0
8.66 -3.54056 0 0
8.665 -3.52211 0 0
8.67 -3.50358 0 0
8.675 -3.48496 0 0
8.68 -3.46625 0 0
8.685 -3.44745 0 0
8.69 -3.42857 0 0
8.695 -3.4096 0 0
8.7 -3.39055 0 0
8.705 -3.37141 0 0
8.71 -3.35218 0 0
8.715 -3.33287 0 0
8.72 -3.31348 0 0
8.725 -3.294 0 0
8.73 -3.27444 0 0
8.735 -3.2548 0 0
8.74 -3.23508 0 0
8.745 -3.21528 0 0
8.75 -3.19539 0 0
8.755 -3.17542 0 0
8.76 -3.15538 0 0
8.765 -3.13525 0 0
8.77 -3.11505 0 0
8.775 -3.09477 0 0
8.78 -3.07441 0 0
8.785 -3.05397 0 0
8.79 -3.03346 0 0
8.795 -3.01286 0 0
8.8 -2.9922 0 0
8.805 -2.97146 0 0
8.81 -2.95064 0 0
8.815 -2.92975 0 0
8.82 -2.90878 0 0
8.825 -2.88774 0 0
8.83 -2.86663 0 0
8.835 -2.84545 0 0
8.84 -2.8242 0 0
8.845 -2.80287 0 0
8.85 -2.78147 0 0
8.855 -2.76001 0 0
8.86 -2.73847 0 0
8.865 -2.71687 0 0
8.87 -2.69519 0 0
8.875 -2.67345 0 0
8.88 -2.65164 0 0
8.885 -2.62977 0 0
8.89 -2.60783 0 0
8.895 -2.58582 0 0
8.9 -2.56375 0 0
8.905 -2.54161 0 0
8.91 -2.51941 0 0
8.915 -2.49714 0 0
8.92 -2.47481 0 0
8.925 -2.45242 0 0
8.93 -2.42997 0 0
8.935 -2.40746 0 0
8.94 -2.38488 0 0
8.945 -2.36225 0 0
8.95 -2.33955 0 0
8.955 -2.3168 0 0
8.96 -2.29399 0 0
8.965 -2.27112 0 0
8.97 -2.24819 0 0
8.975 -2.22521 0 0
8.98 -2.20217 0 0
8.985 -2.17907 0 0
8.99 -2.15592 0 0
8.995 -2.13272 0 0
9 -2.10946 0 0
9.005 -2.08614 0 0
9.01 -2.06278 0 0
9.015 -2.03936 0 0
9.02 -2.01589 0 0
9.025 -1.99237 0 0
9.03 -1.9688 0 0
9.035 -1.94518 0 0
9.04 -1.92151 0 0
9.045 -1.8978 0 0
9.05 -1.87403 0 0
9.055 -1.85022 0 0
9.06 -1.82636 0 0
9.065 -1.80245 0 0
9.07 -1.7785 0 0
9.075 -1.7545 0 0
9.08 -1.73046 0 0
9.085 -1.70637 0 0
9.09 -1.68224 0 0
9.095 -1.65807 0 0
9.1 -1.63386 0 0
9.105 -1.6096 0 0
9.11 -1.58531 0 0
9.115 -1.56097 0 0
9.12 -1.5366 0 0
9.125 -1.51218 0 0
9.13 -1.48773 0 0
9.135 -1.46324 0 0
9.14 -1.43871 0 0
9.145 -1.41414 0 0
9.15 -1.38954 0 0
9.155 -1.36491 0 0
9.16 -1.34024 0 0
9.165 -1.31553 0 0
9.17 -1.29079 0 0
9.175 -1.26602 0 0
9.18 -1.24122 0 0
9.185 -1.21638 0 0
9.19 -1.19152 0 0
9.195 -1.16662 0 0
9.2 -1.14169 0 0
9.205 -1.11674 0 0
9.21 -1.09175 0 0
9.215 -1.06674 0 0
9.22 -1.0417 0 0
9.225 -1.01664 0 0
9.23 -0.991544 0 0
9.235 -0.966427 0 0
9.24 -0.941284 0 0
9.245 -0.916118 0 0
9.25 -0.890928 0 0
9.255 -0.865715 0 0
9.26 -0.84048 0 0
9.265 -0.815223 0 0
9.27 -0.789945 0 0
9.275 -0.764647 0 0
9.28 -0.739329 0 0
9.285 -0.713992 0 0
9.29 -0.688636 0 0
9.295 -0.663263 0 0
9.3 -0.637872 0 0
9.305 -0.612465 0 0
9.31 -0.587042 0 0
9.315 -0.561604 0 0
9.32 -0.536151 0 0
9.325 -0.510683 0 0
9.33 -0.485203 0 0
9.335 -0.459709 0 0
9.34 -0.434204 0 0
9.345 -0.408687 0 0
9.35 -0.383159 0 0
9.355 -0.357621 0 0
9.36 -0.332074 0 0
9.365 -0.306517 0 0
9.37 -0.280952 0 0
9.375 -0.25538 0 0
9.38 -0.2298 0 0
9.385 -0.204214 0 0
9.39 -0.178622 0 0
9.395 -0.153026 0 0
9.4 -0.127424 0 0
9.405 -0.101819 0 0
9.41 -0.0762111 0 0
9.415 -0.0506003 0 0
9.42 -0.0249876 0 0
9.425 0.000626375 0 0
9.43 0.026241 0 0
9.43143 0.0335451 0 0
9.43643 0.0591595 0 0
9.44143 0.0847731 0 0
9.44643 0.110385 0 0
9.45143 0.135995 0 0
9.45643 0.161602 0 0
9.46143 0.187206 0 0
9.46643 0.212806 0 0
9.47143 0.238401 0 0
9.47643 0.263991 0 0
9.48143 0.289574 0 0
9.48643 0.315152 0 0
9.49143 0.340722 0 0
9.49643 0.366284 0 0
9.50143 0.391837 0 0
9.50643 0.417382 0 0
9.51143 0.442916 0 0
9.51643 0.46844 0 0
9.52143 0.493954 0 0
9.52643 0.519455 0 0
9.53143 0.544944 0 0
9.53643 0.57042 0 0
9.54143 0.595882 0 0
9.54643 0.621331 0 0
9.55143 0.646764 0 0
9.55643 0.672182 0 0
9.56143 0.697583 0 0
9.56643 0.722968 0 0
9.57143 0.748335 0 0
9.57643 0.773685 0 0
9.58143 0.799015 0 0
9.58643 0.824326 0 0
9.59143 0.849618 0 0
9.59643 0.874888 0 0
9.60143 0.900138 0 0
9.60643 0.925365 0 0
9.61143 0.95057 0 0
9.61643 0.975752 0 0
9.62143 1.00091 0 0
9.62643 1.02604 0 0
9.63143 1.05115 0 0
9.63643 1.07624 0 0
9.64143 1.10129 0 0
9.64643 1.12632 0 0
9.65143 1.15132 0 0
9.65643 1.1763 0 0
9.66143 1.20124 0 0
9.66643 1.22616 0 0
9.67143 1.25105 0 0
9.67643 1.2759 0 0
9.68143 1.30073 0 0
9.68643 1.32552 0 0
9.69143 1.35028 0 0
9.69643 1.375 0 0
9.70143 1.3997 0 0
9.70643 1.42435 0 0
9.71143 1.44898 0 0
9.71643 1.47357 0 0
9.72143 1.49812 0 0
9.72643 1.52263 0 0
9.73143 1.54711 0 0
9.73643 1.57155 0 0
9.74143 1.59595 0 0
9.74643 1.62031 0 0
9.75143 1.64463 0 0
9.75643 1.66891 0 0
9.76143 1.69315 0 0
9.76643 1.71735 0 0
9.77143 1.7415 0 0
9.77643 1.76562 0 0
9.78143 1.78969 0 0
9.78643 1.81371 0 0
9.79143 1.83769 0 0
9.79643 1.86163 0 0
9.80143 1.88552 0 0
9.80643 1.90936 0 0
9.81143 1.93315 0 0
9.81643 1.9569 0 0
9.82143 1.9806 0 0
9.82643 2.00425 0 0
9.83143 2.02785 0 0
9.83643 2.0514 0 0
9.84143 2.0749 0 0
9.84643 2.09835 0 0
9.85143 2.12175 0 0
9.85643 2.14509 0 0
9.86143 2.16838 0 0
9.86643 2.19162 0 0
9.87143 2.2148 0 0
9.87643 2.23793 0 0
9.88143 2.26101 0 0
9.88643 2.28402 0 0
9.89143 2.30698 0 0
9.89643 2.32989 0 0
9.90143 2.35273 0 0
9.90643 2.37552 0 0
9.91143 2.39825 0 0
9.91643 2.42092 0 0
9.92143 2.44353 0 0
9.92643 2.46608 0 0
9.93143 2.48857 0 0
9.93643 2.51099 0 0
9.94143 2.53336 0 0
9.94643 2.55566 0 0
9.95143 2.5779 0 0
9.95643 2.60007 0 0
9.96143 2.62218 0 0
9.96643 2.64423 0 0
9.97143 2.66621 0 0
9.97643 2.68812 0 0
9.98143 2.70997 0 0
9.98643 2.73174 0 0
9.99143 2.75346 0 0
9.99643 2.7751 0 0
