0.01 5
0.02 4.99975
0.03 4.999
0.04 4.99776
0.05 4.99602
0.06 4.9938
0.07 4.99111
0.08 4.98793
0.09 4.98429
0.1 4.98018
0.11 4.97561
0.12 4.97059
0.13 4.96511
0.14 4.95919
0.15 4.95284
0.16 4.94604
0.17 4.93882
0.18 4.93117
0.19 4.9231
0.2 4.91461
0.21 4.90572
0.22 4.89642
0.23 4.88672
0.24 4.87662
0.25 4.86613
0.26 4.85526
0.27 4.844
0.28 4.83238
0.29 4.82037
0.3 4.80801
0.31 4.79528
0.32 4.78219
0.33 4.76876
0.34 4.75497
0.35 4.74085
0.36 4.72638
0.37 4.71159
0.38 4.69646
0.39 4.68102
0.4 4.66525
0.41 4.64917
0.42 4.63279
0.43 4.6161
0.44 4.5991
0.45 4.58182
0.46 4.56424
0.47 4.54638
0.48 4.52824
0.49 4.50982
0.5 4.49113
0.51 4.47217
0.52 4.45295
0.53 4.43347
0.54 4.41374
0.55 4.39375
0.56 4.37353
0.57 4.35306
0.58 4.33236
0.59 4.31142
0.6 4.29026
0.61 4.26888
0.62 4.24727
0.63 4.22546
0.64 4.20343
0.65 4.1812
0.66 4.15876
0.67 4.13613
0.68 4.11331
0.69 4.0903
0.7 4.0671
0.71 4.04373
0.72 4.02017
0.73 3.99645
0.74 3.97256
0.75 3.9485
0.76 3.92428
0.77 3.89991
0.78 3.87539
0.79 3.85071
0.8 3.8259
0.81 3.80094
0.82 3.77585
0.83 3.75062
0.84 3.72527
0.85 3.69979
0.86 3.67419
0.87 3.64848
0.88 3.62265
0.89 3.59671
0.9 3.57066
0.91 3.54452
0.92 3.51827
0.93 3.49193
0.94 3.46549
0.95 3.43897
0.96 3.41237
0.97 3.38568
0.98 3.35892
0.99 3.33208
1 3.30517
1.01 3.2782
1.02 3.25116
1.03 3.22406
1.04 3.1969
1.05 3.16969
1.06 3.14243
1.07 3.11512
1.08 3.08777
1.09 3.06038
1.1 3.03294
1.11 3.00548
1.12 2.97798
1.13 2.95046
1.14 2.9229
1.15 2.89533
1.16 2.86774
1.17 2.84013
1.18 2.8125
1.19 2.78487
1.2 2.75723
1.21 2.72958
1.22 2.70193
1.23 2.67429
1.24 2.64664
1.25 2.619
1.26 2.59137
1.27 2.56376
1.28 2.53615
1.29 2.50857
1.3 2.481
1.31 2.45346
1.32 2.42594
1.33 2.39845
1.34 2.37098
1.35 2.34355
1.36 2.31616
1.37 2.2888
1.38 2.26148
1.39 2.2342
1.4 2.20697
1.41 2.17978
1.42 2.15264
1.43 2.12556
1.44 2.09852
1.45 2.07154
1.46 2.04462
1.47 2.01776
1.48 1.99096
1.49 1.96422
1.5 1.93755
1.51 1.91095
1.52 1.88442
1.53 1.85796
1.54 1.83157
1.55 1.80526
1.56 1.77903
1.57 1.75287
1.58 1.7268
1.59 1.70081
1.6 1.67491
1.61 1.64909
1.62 1.62336
1.63 1.59772
1.64 1.57218
1.65 1.54672
1.66 1.52137
1.67 1.49611
1.68 1.47094
1.69 1.44588
1.7 1.42092
1.71 1.39606
1.72 1.37131
1.73 1.34666
1.74 1.32212
1.75 1.29769
1.76 1.27337
1.77 1.24916
1.78 1.22506
1.79 1.20108
1.8 1.17721
1.81 1.15346
1.82 1.12983
1.83 1.10632
1.84 1.08292
1.85 1.05965
1.86 1.0365
1.87 1.01348
1.88 0.99058
1.89 0.967806
1.9 0.945159
1.91 0.922641
1.92 0.900251
1.93 0.877991
1.94 0.855863
1.95 0.833866
1.96 0.812002
1.97 0.790272
1.98 0.768676
1.99 0.747216
2 0.725892
2.01 0.704705
2.02 0.683656
2.03 0.662745
2.04 0.641974
2.05 0.621343
2.06 0.600852
2.07 0.580503
2.08 0.560296
2.09 0.540232
2.1 0.520311
2.11 0.500534
2.12 0.480902
2.13 0.461414
2.14 0.442072
2.15 0.422876
2.16 0.403826
2.17 0.384924
2.18 0.366169
2.19 0.347562
2.2 0.329103
2.21 0.310793
2.22 0.292632
2.23 0.274621
2.24 0.256759
2.25 0.239047
2.26 0.221486
2.27 0.204076
2.28 0.186816
2.29 0.169708
2.3 0.152751
2.31 0.135945
2.32 0.119292
2.33 0.10279
2.34 0.086441
2.35 0.070244
2.36 0.0541995
2.37 0.0383075
2.38 0.0225682
2.39 0.00698162
2.4 -0.00845218
2.41 -0.0237331
2.42 -0.0388612
2.43 -0.0538364
2.44 -0.0686587
2.45 -0.0833281
2.46 -0.0978447
2.47 -0.112209
2.48 -0.12642
2.49 -0.140478
2.5 -0.154384
2.51 -0.168137
2.52 -0.181738
2.53 -0.195187
2.54 -0.208484
2.55 -0.221629
2.56 -0.234622
2.57 -0.247464
2.58 -0.260154
2.59 -0.272693
2.6 -0.285081
2.61 -0.297319
2.62 -0.309406
2.63 -0.321343
2.64 -0.333131
2.65 -0.344768
2.66 -0.356257
2.67 -0.367596
2.68 -0.378787
2.69 -0.38983
2.7 -0.400725
2.71 -0.411472
2.72 -0.422072
2.73 -0.432525
2.74 -0.442832
2.75 -0.452992
2.76 -0.463008
2.77 -0.472878
2.78 -0.482603
2.79 -0.492184
2.8 -0.501621
2.81 -0.510915
2.82 -0.520066
2.83 -0.529074
2.84 -0.537941
2.85 -0.546666
2.86 -0.555251
2.87 -0.563695
2.88 -0.571999
2.89 -0.580164
2.9 -0.588191
2.91 -0.596079
2.92 -0.603829
2.93 -0.611443
2.94 -0.61892
2.95 -0.626261
2.96 -0.633468
2.97 -0.640539
2.98 -0.647476
2.99 -0.654281
3 -0.660952
3.01 -0.667491
3.02 -0.673899
3.03 -0.680176
3.04 -0.686322
3.05 -0.69234
3.06 -0.698228
3.07 -0.703988
3.08 -0.709621
3.09 -0.715127
3.1 -0.720507
3.11 -0.725761
3.12 -0.730891
3.13 -0.735897
3.14 -0.740779
3.15 -0.74554
3.16 -0.750178
3.17 -0.754695
3.18 -0.759092
3.19 -0.763369
3.2 -0.767528
3.21 -0.771568
3.22 -0.775491
3.23 -0.779297
3.24 -0.782988
3.25 -0.786564
3.26 -0.790025
3.27 -0.793373
3.28 -0.796608
3.29 -0.799731
3.3 -0.802744
3.31 -0.805645
3.32 -0.808438
3.33 -0.811121
3.34 -0.813697
3.35 -0.816165
3.36 -0.818527
3.37 -0.820784
3.38 -0.822936
3.39 -0.824984
3.4 -0.826929
3.41 -0.828771
3.42 -0.830513
3.43 -0.832153
3.44 -0.833694
3.45 -0.835136
3.46 -0.83648
3.47 -0.837726
3.48 -0.838876
3.49 -0.839931
3.5 -0.84089
3.51 -0.841756
3.52 -0.842528
3.53 -0.843209
3.54 -0.843797
3.55 -0.844296
3.56 -0.844704
3.57 -0.845024
3.58 -0.845255
3.59 -0.845399
3.6 -0.845457
3.61 -0.845429
3.62 -0.845317
3.63 -0.845121
3.64 -0.844842
3.65 -0.84448
3.66 -0.844038
3.67 -0.843515
3.68 -0.842912
3.69 -0.84223
3.7 -0.841471
3.71 -0.840634
3.72 -0.839722
3.73 -0.838733
3.74 -0.837671
3.75 -0.836534
3.76 -0.835325
3.77 -0.834044
3.78 -0.832691
3.79 -0.831268
3.8 -0.829776
3.81 -0.828215
3.82 -0.826586
3.83 -0.82489
3.84 -0.823127
3.85 -0.8213
3.86 -0.819408
3.87 -0.817452
3.88 -0.815433
3.89 -0.813352
3.9 -0.81121
3.91 -0.809008
3.92 -0.806746
3.93 -0.804425
3.94 -0.802046
3.95 -0.79961
3.96 -0.797118
3.97 -0.79457
3.98 -0.791967
3.99 -0.789311
4 -0.786601
4.01 -0.783839
4.02 -0.781025
4.03 -0.77816
4.04 -0.775246
4.05 -0.772282
4.06 -0.76927
4.07 -0.76621
4.08 -0.763103
4.09 -0.759951
4.1 -0.756753
4.11 -0.75351
4.12 -0.750224
4.13 -0.746894
4.14 -0.743522
4.15 -0.740109
4.16 -0.736655
4.17 -0.733161
4.18 -0.729628
4.19 -0.726056
4.2 -0.722446
4.21 -0.7188
4.22 -0.715117
4.23 -0.711398
4.24 -0.707645
4.25 -0.703857
4.26 -0.700036
4.27 -0.696182
4.28 -0.692297
4.29 -0.68838
4.3 -0.684432
4.31 -0.680454
4.32 -0.676448
4.33 -0.672412
4.34 -0.668349
4.35 -0.664259
4.36 -0.660142
4.37 -0.655999
4.38 -0.651832
4.39 -0.64764
4.4 -0.643424
4.41 -0.639185
4.42 -0.634923
4.43 -0.63064
4.44 -0.626335
4.45 -0.62201
4.46 -0.617665
4.47 -0.6133
4.48 -0.608917
4.49 -0.604516
4.5 -0.600098
4.51 -0.595663
4.52 -0.591211
4.53 -0.586744
4.54 -0.582262
4.55 -0.577766
4.56 -0.573256
4.57 -0.568732
4.58 -0.564196
4.59 -0.559648
4.6 -0.555089
4.61 -0.550519
4.62 -0.545938
4.63 -0.541348
4.64 -0.536748
4.65 -0.53214
4.66 -0.527524
4.67 -0.5229
4.68 -0.518269
4.69 -0.513631
4.7 -0.508988
4.71 -0.504339
4.72 -0.499686
4.73 -0.495028
4.74 -0.490366
4.75 -0.485701
4.76 -0.481032
4.77 -0.476362
4.78 -0.47169
4.79 -0.467016
4.8 -0.462341
4.81 -0.457666
4.82 -0.452991
4.83 -0.448316
4.84 -0.443643
4.85 -0.438971
4.86 -0.434301
4.87 -0.429633
4.88 -0.424968
4.89 -0.420306
4.9 -0.415648
4.91 -0.410994
4.92 -0.406344
4.93 -0.401699
4.94 -0.39706
4.95 -0.392427
4.96 -0.3878
4.97 -0.383179
4.98 -0.378565
4.99 -0.373959
5 -0.369361
5.01 -0.36477
5.02 -0.360189
5.03 -0.355616
5.04 -0.351052
5.05 -0.346498
5.06 -0.341954
5.07 -0.337421
5.08 -0.332898
5.09 -0.328387
5.1 -0.323886
5.11 -0.319398
5.12 -0.314922
5.13 -0.310458
5.14 -0.306007
5.15 -0.301569
5.16 -0.297144
5.17 -0.292733
5.18 -0.288336
5.19 -0.283953
5.2 -0.279585
5.21 -0.275232
5.22 -0.270895
5.23 -0.266572
5.24 -0.262266
5.25 -0.257975
5.26 -0.253701
5.27 -0.249443
5.28 -0.245203
5.29 -0.240979
5.3 -0.236773
5.31 -0.232584
5.32 -0.228413
5.33 -0.224261
5.34 -0.220126
5.35 -0.216011
5.36 -0.211914
5.37 -0.207836
5.38 -0.203778
5.39 -0.199739
5.4 -0.195719
5.41 -0.19172
5.42 -0.187741
5.43 -0.183782
5.44 -0.179843
5.45 -0.175925
5.46 -0.172029
5.47 -0.168153
5.48 -0.164298
5.49 -0.160465
5.5 -0.156654
5.51 -0.152864
5.52 -0.149097
5.53 -0.145351
5.54 -0.141628
5.55 -0.137927
5.56 -0.134249
5.57 -0.130593
5.58 -0.126961
5.59 -0.123351
5.6 -0.119765
5.61 -0.116201
5.62 -0.112662
5.63 -0.109145
5.64 -0.105653
5.65 -0.102184
5.66 -0.0987391
5.67 -0.0953182
5.68 -0.0919214
5.69 -0.0885488
5.7 -0.0852006
5.71 -0.0818767
5.72 -0.0785774
5.73 -0.0753026
5.74 -0.0720525
5.75 -0.0688272
5.76 -0.0656268
5.77 -0.0624512
5.78 -0.0593007
5.79 -0.0561752
5.8 -0.0530749
5.81 -0.0499998
5.82 -0.0469499
5.83 -0.0439253
5.84 -0.0409261
5.85 -0.0379524
5.86 -0.0350041
5.87 -0.0320813
5.88 -0.0291841
5.89 -0.0263124
5.9 -0.0234665
5.91 -0.0206461
5.92 -0.0178515
5.93 -0.0150826
5.94 -0.0123395
5.95 -0.00962213
5.96 -0.00693056
5.97 -0.0042648
5.98 -0.00162487
5.99 0.000989236
6 0.00357749
6.01 0.0061399
6.02 0.00867646
6.03 0.0111872
6.04 0.013672
6.05 0.016131
6.06 0.0185642
6.07 0.0209716
6.08 0.0233531
6.09 0.0257088
6.1 0.0280388
6.11 0.0303429
6.12 0.0326214
6.13 0.0348741
6.14 0.0371012
6.15 0.0393025
6.16 0.0414783
6.17 0.0436284
6.18 0.045753
6.19 0.0478521
6.2 0.0499257
6.21 0.0519739
6.22 0.0539966
6.23 0.055994
6.24 0.0579662
6.25 0.059913
6.26 0.0618347
6.27 0.0637312
6.28 0.0656027
6.29 0.0674491
6.3 0.0692706
6.31 0.0710672
6.32 0.0728389
6.33 0.0745859
6.34 0.0763082
6.35 0.0780058
6.36 0.0796789
6.37 0.0813275
6.38 0.0829517
6.39 0.0845515
6.4 0.0861271
6.41 0.0876786
6.42 0.0892059
6.43 0.0907093
6.44 0.0921887
6.45 0.0936443
6.46 0.0950761
6.47 0.0964843
6.48 0.0978689
6.49 0.0992301
6.5 0.100568
6.51 0.101882
6.52 0.103174
6.53 0.104442
6.54 0.105687
6.55 0.106909
6.56 0.108109
6.57 0.109286
6.58 0.11044
6.59 0.111572
6.6 0.112682
6.61 0.113769
6.62 0.114834
6.63 0.115877
6.64 0.116898
6.65 0.117898
6.66 0.118875
6.67 0.119831
6.68 0.120766
6.69 0.121679
6.7 0.122571
6.71 0.123442
6.72 0.124292
6.73 0.125121
6.74 0.12593
6.75 0.126718
6.76 0.127485
6.77 0.128232
6.78 0.128958
6.79 0.129665
6.8 0.130351
6.81 0.131018
6.82 0.131665
6.83 0.132293
6.84 0.1329
6.85 0.133489
6.86 0.134058
6.87 0.134609
6.88 0.13514
6.89 0.135652
6.9 0.136146
6.91 0.136621
6.92 0.137078
6.93 0.137517
6.94 0.137937
6.95 0.13834
6.96 0.138724
6.97 0.139091
6.98 0.139441
6.99 0.139772
7 0.140087
7.01 0.140384
7.02 0.140664
7.03 0.140928
7.04 0.141174
7.05 0.141404
7.06 0.141618
7.07 0.141815
7.08 0.141996
7.09 0.142161
7.1 0.14231
7.11 0.142444
7.12 0.142561
7.13 0.142663
7.14 0.14275
7.15 0.142822
7.16 0.142878
7.17 0.14292
7.18 0.142947
7.19 0.142959
7.2 0.142957
7.21 0.14294
7.22 0.14291
7.23 0.142865
7.24 0.142806
7.25 0.142733
7.26 0.142647
7.27 0.142548
7.28 0.142435
7.29 0.142308
7.3 0.142169
7.31 0.142017
7.32 0.141852
7.33 0.141674
7.34 0.141484
7.35 0.141282
7.36 0.141067
7.37 0.140841
7.38 0.140602
7.39 0.140352
7.4 0.14009
7.41 0.139816
7.42 0.139531
7.43 0.139235
7.44 0.138928
7.45 0.13861
7.46 0.138281
7.47 0.137942
7.48 0.137591
7.49 0.137231
7.5 0.13686
7.51 0.13648
7.52 0.136089
7.53 0.135688
7.54 0.135278
7.55 0.134858
7.56 0.134429
7.57 0.13399
7.58 0.133543
7.59 0.133086
7.6 0.13262
7.61 0.132146
7.62 0.131663
7.63 0.131172
7.64 0.130672
7.65 0.130164
7.66 0.129648
7.67 0.129124
7.68 0.128592
7.69 0.128053
7.7 0.127506
7.71 0.126951
7.72 0.126389
7.73 0.12582
7.74 0.125245
7.75 0.124662
7.76 0.124072
7.77 0.123476
7.78 0.122873
7.79 0.122263
7.8 0.121648
7.81 0.121026
7.82 0.120398
7.83 0.119765
7.84 0.119125
7.85 0.11848
7.86 0.117829
7.87 0.117173
7.88 0.116512
7.89 0.115845
7.9 0.115173
7.91 0.114497
7.92 0.113815
7.93 0.113129
7.94 0.112438
7.95 0.111743
7.96 0.111043
7.97 0.110339
7.98 0.109631
7.99 0.108919
8 0.108202
8.01 0.107482
8.02 0.106759
8.03 0.106032
8.04 0.105301
8.05 0.104567
8.06 0.103829
8.07 0.103089
8.08 0.102345
8.09 0.101598
8.1 0.100849
8.11 0.100097
8.12 0.0993416
8.13 0.0985842
8.14 0.0978243
8.15 0.097062
8.16 0.0962975
8.17 0.0955309
8.18 0.0947622
8.19 0.0939916
8.2 0.0932191
8.21 0.0924448
8.22 0.0916689
8.23 0.0908914
8.24 0.0901124
8.25 0.0893321
8.26 0.0885504
8.27 0.0877676
8.28 0.0869836
8.29 0.0861986
8.3 0.0854127
8.31 0.084626
8.32 0.0838385
8.33 0.0830503
8.34 0.0822615
8.35 0.0814723
8.36 0.0806826
8.37 0.0798926
8.38 0.0791023
8.39 0.0783119
8.4 0.0775214
8.41 0.0767308
8.42 0.0759404
8.43 0.0751501
8.44 0.07436
8.45 0.0735703
8.46 0.0727809
8.47 0.071992
8.48 0.0712036
8.49 0.0704159
8.5 0.0696288
8.51 0.0688424
8.52 0.0680569
8.53 0.0672723
8.54 0.0664887
8.55 0.0657061
8.56 0.0649246
8.57 0.0641442
8.58 0.0633651
8.59 0.0625873
8.6 0.0618109
8.61 0.0610359
8.62 0.0602625
8.63 0.0594905
8.64 0.0587202
8.65 0.0579516
8.66 0.0571847
8.67 0.0564197
8.68 0.0556565
8.69 0.0548952
8.7 0.0541359
8.71 0.0533786
8.72 0.0526235
8.73 0.0518704
8.74 0.0511196
8.75 0.0503711
8.76 0.0496248
8.77 0.0488809
8.78 0.0481394
8.79 0.0474004
8.8 0.0466639
8.81 0.04593
8.82 0.0451987
8.83 0.04447
8.84 0.0437441
8.85 0.0430209
8.86 0.0423005
8.87 0.0415829
8.88 0.0408682
8.89 0.0401565
8.9 0.0394477
8.91 0.038742
8.92 0.0380393
8.93 0.0373397
8.94 0.0366432
8.95 0.0359499
8.96 0.0352599
8.97 0.0345731
8.98 0.0338895
8.99 0.0332093
9 0.0325325
9.01 0.031859
9.02 0.031189
9.03 0.0305225
9.04 0.0298594
9.05 0.0291999
9.06 0.0285439
9.07 0.0278916
9.08 0.0272428
9.09 0.0265977
9.1 0.0259563
9.11 0.0253186
9.12 0.0246846
9.13 0.0240544
9.14 0.023428
9.15 0.0228054
9.16 0.0221866
9.17 0.0215717
9.18 0.0209607
9.19 0.0203536
9.2 0.0197504
9.21 0.0191512
9.22 0.0185559
9.23 0.0179647
9.24 0.0173775
9.25 0.0167943
9.26 0.0162152
9.27 0.0156401
9.28 0.0150691
9.29 0.0145023
9.3 0.0139395
9.31 0.0133809
9.32 0.0128265
9.33 0.0122762
9.34 0.0117301
9.35 0.0111883
9.36 0.0106506
9.37 0.0101171
9.38 0.00958793
9.39 0.00906297
9.4 0.00854227
9.41 0.00802583
9.42 0.00751368
9.43 0.00700582
9.44 0.00650225
9.45 0.00600299
9.46 0.00550804
9.47 0.00501741
9.48 0.00453111
9.49 0.00404914
9.5 0.00357151
9.51 0.00309823
9.52 0.0026293
9.53 0.00216472
9.54 0.0017045
9.55 0.00124864
9.56 0.00079714
9.57 0.000350009
9.58 -9.27531e-05
9.59 -0.000531146
9.6 -0.000965168
9.61 -0.00139482
9.62 -0.0018201
9.63 -0.00224101
9.64 -0.00265754
9.65 -0.00306971
9.66 -0.00347752
9.67 -0.00388095
9.68 -0.00428002
9.69 -0.00467474
9.7 -0.00506509
9.71 -0.0054511
9.72 -0.00583275
9.73 -0.00621006
9.74 -0.00658303
9.75 -0.00695166
9.76 -0.00731597
9.77 -0.00767595
9.78 -0.00803161
9.79 -0.00838297
9.8 -0.00873002
9.81 -0.00907278
9.82 -0.00941125
9.83 -0.00974545
9.84 -0.0100754
9.85 -0.010401
9.86 -0.0107224
9.87 -0.0110396
9.88 -0.0113525
9.89 -0.0116612
9.9 -0.0119657
9.91 -0.012266
9.92 -0.0125621
9.93 -0.0128541
9.94 -0.0131418
9.95 -0.0134254
9.96 -0.0137049
9.97 -0.0139802
9.98 -0.0142515
9.99 -0.0145186
